type	gene	mutation	mutationtype	proteinID	FATHMMscore	FATHMMresult	band	chr	start	end	ref	alt	Oxford_IBD2_Blood.NR	Oxford_IBD2_Sample_12.NR	Oxford_IBD2_Sample_12_Surr.NR	Oxford_IBD2_Sample_3.NR	Oxford_IBD2_Sample_3_Surr.NR	Oxford_IBD2_Sample_6.NR	Oxford_IBD2_Sample_6_Surr.NR	Oxford_IBD2_Sample_9.NR	Oxford_IBD2_Sample_9_Surr.NR	Oxford_IBD2_Sample_Centre.NR	Oxford_IBD2_Blood.NV	Oxford_IBD2_Sample_12.NV	Oxford_IBD2_Sample_12_Surr.NV	Oxford_IBD2_Sample_3.NV	Oxford_IBD2_Sample_3_Surr.NV	Oxford_IBD2_Sample_6.NV	Oxford_IBD2_Sample_6_Surr.NV	Oxford_IBD2_Sample_9.NV	Oxford_IBD2_Sample_9_Surr.NV	Oxford_IBD2_Sample_Centre.NV	Oxford_IBD2_Blood.VAF	Oxford_IBD2_Sample_12.VAF	Oxford_IBD2_Sample_12_Surr.VAF	Oxford_IBD2_Sample_3.VAF	Oxford_IBD2_Sample_3_Surr.VAF	Oxford_IBD2_Sample_6.VAF	Oxford_IBD2_Sample_6_Surr.VAF	Oxford_IBD2_Sample_9.VAF	Oxford_IBD2_Sample_9_Surr.VAF	Oxford_IBD2_Sample_Centre.VAF
ncRNA_exonic	ESPNP	NA	none	noID	NA	0	noID	chr1	17023182	17023182	C	G	17	11	18	28	13	3	25	4	37	4	1	3	5	4	3	0	3	1	11	0	0.0588235294117647	0.272727272727273	0.277777777777778	0.142857142857143	0.230769230769231	0	0.12	0.25	0.297297297297297	0
intronic	TCEA3	NA	none	O75764	NA	0	p36.12	chr1	23710805	23710805	A	G	10	9	18	22	3	2	24	2	26	4	0	3	12	12	2	0	10	0	11	3	0	0.333333333333333	0.666666666666667	0.545454545454545	0.666666666666667	0	0.416666666666667	0	0.423076923076923	0.75
exonic	AK2	AK2:NM_001625:exon6:c.T668C:p.I223T,AK2:NM_001199199:exon6:c.T644C:p.I215T,AK2:NM_013411:exon6:c.T668C:p.I223T,	nonsynonymous SNV	P54819	0.36	PASSENGER/OTHER	p35.1	chr1	33478834	33478834	A	G	20	10	18	20	14	3	35	8	33	19	1	0	0	3	3	1	6	2	5	3	0.05	0	0	0.15	0.214285714285714	0.333333333333333	0.171428571428571	0.25	0.151515151515152	0.157894736842105
exonic	SLC44A5	SLC44A5:NM_001130058:exon21:c.T1853G:p.L618R,SLC44A5:NM_152697:exon21:c.T1853G:p.L618R,	nonsynonymous SNV	Q8NCS7	NA	0	p31.1	chr1	75679624	75679624	A	C	67	36	75	75	70	22	66	39	83	25	0	0	0	0	0	0	9	0	0	0	0	0	0	0	0	0	0.136363636363636	0	0	0
exonic	WDR3	WDR3:NM_006784:exon10:c.C1063T:p.R355W,	nonsynonymous SNV	Q9UNX4	0.22	PASSENGER/OTHER	p12	chr1	118485133	118485133	C	T	89	88	120	112	113	56	109	59	122	61	0	8	2	25	0	2	0	13	0	13	0	0.0909090909090909	0.0166666666666667	0.223214285714286	0	0.0357142857142857	0	0.220338983050847	0	0.213114754098361
exonic	LCE1F	LCE1F:NM_178354:exon1:c.C219T:p.G73G,	synonymous SNV	Q5T754	NA	0	q21.3	chr1	152749066	152749066	C	T	18	10	23	27	9	0	24	11	33	13	1	2	2	1	0	0	1	1	2	2	0.0555555555555556	0.2	0.0869565217391304	0.037037037037037	0	NA	0.0416666666666667	0.0909090909090909	0.0606060606060606	0.153846153846154
exonic	CD1C	CD1C:NM_001765:exon5:c.C892T:p.H298Y,	nonsynonymous SNV	P29017	8.91	PASSENGER/OTHER	q23.1	chr1	158263004	158263004	C	T	17	13	18	43	9	7	25	6	12	7	0	0	0	0	0	0	7	0	1	0	0	0	0	0	0	0	0.28	0	0.0833333333333333	0
exonic	OR10T2	OR10T2:NM_001004475:exon1:c.T384C:p.C128C,	synonymous SNV	Q8NGX3	NA	0	q23.1	chr1	158368873	158368873	A	G	25	17	40	36	29	6	43	20	51	32	0	0	0	7	2	0	0	1	0	7	0	0	0	0.194444444444444	0.0689655172413793	0	0	0.05	0	0.21875
exonic	CACNA1E	CACNA1E:NM_001205293:exon27:c.C3745T:p.R1249W,CACNA1E:NM_001205294:exon26:c.C3688T:p.R1230W,CACNA1E:NM_000721:exon27:c.C3745T:p.R1249W,	nonsynonymous SNV	Q15878	4.06	PASSENGER/OTHER	q25.3	chr1	181721292	181721292	C	T	89	104	86	93	103	18	93	49	100	56	0	27	0	23	0	6	0	6	0	5	0	0.259615384615385	0	0.247311827956989	0	0.333333333333333	0	0.122448979591837	0	0.0892857142857143
exonic	ASPM	ASPM:NM_018136:exon22:c.C9398A:p.A3133D,ASPM:NM_001206846:exon21:c.C4643A:p.A1548D,	nonsynonymous SNV	Q8IZT6	2.28	PASSENGER/OTHER	q31.3	chr1	197061083	197061083	G	T	29	30	48	60	33	17	52	23	45	33	0	0	0	0	6	0	0	0	0	0	0	0	0	0	0.181818181818182	0	0	0	0	0
exonic	LHX9	LHX9:NM_020204:exon2:c.G195A:p.P65P,LHX9:NM_001014434:exon3:c.G168A:p.P56P,	synonymous SNV	Q9NQ69	NA	0	q31.3	chr1	197889122	197889122	G	A	33	32	51	50	42	9	56	21	63	29	0	0	0	0	0	0	13	0	0	0	0	0	0	0	0	0	0.232142857142857	0	0	0
intergenic	NR5A2	dist=36175),LINC00862	none	O00482	NA	0	q32.1	chr1	200182725	200182725	G	A	10	4	7	11	5	4	11	6	14	7	0	0	0	0	0	0	3	0	0	1	0	0	0	0	0	0	0.272727272727273	0	0	0.142857142857143
UTR3	SYT14	NM_001146264:c.*679G>A,NM_001146262:c.*679G>A,NM_001256006:c.*679G>A,NM_001146261:c.*679G>A,NM_153262:c.*679G>A)	none	Q8NB59	NA	0	q32.2	chr1	210335066	210335066	G	A	48	49	72	85	69	23	54	60	95	56	1	4	0	14	0	4	0	5	0	12	0.0208333333333333	0.0816326530612245	0	0.164705882352941	0	0.173913043478261	0	0.0833333333333333	0	0.214285714285714
exonic	OBSCN	OBSCN:NM_001271223:exon24:c.C7029A:p.I2343I,OBSCN:NM_052843:exon20:c.C5904A:p.I1968I,OBSCN:NM_001098623:exon20:c.C5904A:p.I1968I,	synonymous SNV	Q5VST9	NA	0	q42.13	chr1	228462493	228462493	C	A	12	11	11	24	13	3	15	8	24	3	0	0	0	0	0	1	0	0	1	0	0	0	0	0	0	0.333333333333333	0	0	0.0416666666666667	0
exonic	RHOU	RHOU:NM_021205:exon3:c.C771T:p.F257F,	synonymous SNV	Q7L0Q8	NA	0	q42.13	chr1	228879481	228879481	C	T	45	30	54	55	40	11	44	25	57	35	0	7	0	12	0	0	0	2	0	5	0	0.233333333333333	0	0.218181818181818	0	0	0	0.08	0	0.142857142857143
exonic	ACTN2	ACTN2:NM_001278343:exon12:c.C1312T:p.R438W,ACTN2:NM_001103:exon12:c.C1312T:p.R438W,ACTN2:NM_001278344:exon14:c.C688T:p.R230W,	nonsynonymous SNV	P35609	1.52	PASSENGER/OTHER	q43	chr1	236907982	236907982	C	T	133	114	139	172	127	48	117	112	144	101	0	0	0	0	0	0	30	0	0	0	0	0	0	0	0	0	0.256410256410256	0	0	0
exonic	OR2L2	OR2L2:NM_001004686:exon1:c.C655T:p.R219W,	nonsynonymous SNV	Q8NH16	5.1	PASSENGER/OTHER	q44	chr1	248202224	248202224	C	T	18	8	12	21	12	7	25	8	32	3	0	0	0	0	3	0	0	0	0	0	0	0	0	0	0.25	0	0	0	0	0
exonic	OR2L2	OR2L2:NM_001004686:exon1:c.C655T:p.R219W,	nonsynonymous SNV	Q8NH16	5.1	PASSENGER/OTHER	q44	chr1	248202224	248202224	C	T	18	8	12	21	12	7	25	8	32	3	0	0	0	0	3	0	0	0	0	0	0	0	0	0	0.25	0	0	0	0	0
exonic	SH3BP5L	SH3BP5L:NM_030645:exon7:c.C1111T:p.R371W,	nonsynonymous SNV	Q7L8J4	NA	0	q44	chr1	249106170	249106170	G	A	43	33	38	56	49	18	46	22	71	26	0	2	0	10	0	5	0	3	0	2	0	0.0606060606060606	0	0.178571428571429	0	0.277777777777778	0	0.136363636363636	0	0.0769230769230769
exonic	APOB	APOB:NM_000384:exon26:c.T6516G:p.S2172S,	synonymous SNV	P04114	NA	0	p24.1	chr2	21233224	21233224	A	C	23	6	33	24	16	3	24	15	30	10	0	0	0	0	0	0	4	0	0	0	0	0	0	0	0	0	0.166666666666667	0	0	0
exonic	KLHL29	KLHL29:NM_052920:exon5:c.T480C:p.I160I,	synonymous SNV	Q96CT2	NA	0	p24.1	chr2	23865260	23865260	T	C	20	12	27	18	22	11	25	16	25	14	1	4	12	10	12	7	10	5	12	8	0.05	0.333333333333333	0.444444444444444	0.555555555555556	0.545454545454545	0.636363636363636	0.4	0.3125	0.48	0.571428571428571
exonic	HADHB	HADHB:NM_001281513:exon10:c.C743A:p.P248Q,HADHB:NM_000183:exon9:c.C809A:p.P270Q,HADHB:NM_001281512:exon8:c.C764A:p.P255Q,	nonsynonymous SNV	P55084	1.98	PASSENGER/OTHER	p23.3	chr2	26502181	26502181	C	A	16	10	6	22	8	3	16	12	19	14	0	0	0	5	0	0	0	0	0	0	0	0	0	0.227272727272727	0	0	0	0	0	0
exonic	CCDC88A	CCDC88A:NM_018084:exon30:c.C5132A:p.T1711N,CCDC88A:NM_001135597:exon31:c.C5213A:p.T1738N,	nonsynonymous SNV	Q3V6T2	NA	0	p16.1	chr2	55523068	55523068	G	T	87	86	81	103	73	39	98	55	100	99	0	0	0	0	0	0	20	0	2	0	0	0	0	0	0	0	0.204081632653061	0	0.02	0
exonic	EXOC6B	EXOC6B:NM_015189:exon11:c.G1060T:p.E354X,	stopgain	Q9Y2D4	NA	0	p13.2	chr2	72740368	72740368	C	A	17	15	17	30	15	6	37	10	38	15	0	4	0	0	0	0	0	0	0	0	0	0.266666666666667	0	0	0	0	0	0	0	0
exonic	TLX2	TLX2:NM_016170:exon2:c.G428T:p.R143L,	nonsynonymous SNV	O43763	2.53	PASSENGER/OTHER	p13.1	chr2	74742787	74742787	G	T	32	38	24	32	25	9	27	7	37	31	0	0	4	1	0	0	0	2	0	0	0	0	0.166666666666667	0.03125	0	0	0	0.285714285714286	0	0
exonic	SFTPB	SFTPB:NM_000542:exon6:c.C512T:p.P171L,SFTPB:NM_198843:exon6:c.C512T:p.P171L,	nonsynonymous SNV	P07988	1.75	PASSENGER/OTHER	p11.2	chr2	85892835	85892835	G	A	67	97	98	116	69	32	142	54	170	72	0	16	2	22	0	7	0	12	0	16	0	0.164948453608247	0.0204081632653061	0.189655172413793	0	0.21875	0	0.222222222222222	0	0.222222222222222
exonic	KYNU	KYNU:NM_003937:exon5:c.G415A:p.V139I,KYNU:NM_001199241:exon6:c.G415A:p.V139I,KYNU:NM_001032998:exon5:c.G415A:p.V139I,	nonsynonymous SNV	Q16719	3.99	PASSENGER/OTHER	q22.2	chr2	143712420	143712420	G	A	98	84	128	99	89	41	97	59	118	67	0	2	2	0	15	0	0	0	0	0	0	0.0238095238095238	0.015625	0	0.168539325842697	0	0	0	0	0
exonic	NEB	NEB:NM_001164508:exon120:c.C18722A:p.T6241N,NEB:NM_001164507:exon120:c.C18722A:p.T6241N,NEB:NM_001271208:exon120:c.C18722A:p.T6241N,NEB:NM_004543:exon92:c.C13583A:p.T4528N,	nonsynonymous SNV	P20929	3.16	PASSENGER/OTHER	q23.3	chr2	152419294	152419294	G	T	23	21	15	19	20	9	13	5	23	12	0	0	0	5	0	0	0	0	0	0	0	0	0	0.263157894736842	0	0	0	0	0	0
exonic	NEB	NEB:NM_001164508:exon33:c.C3506A:p.T1169N,NEB:NM_001164507:exon33:c.C3506A:p.T1169N,NEB:NM_001271208:exon33:c.C3506A:p.T1169N,NEB:NM_004543:exon33:c.C3506A:p.T1169N,	nonsynonymous SNV	P20929	3.16	PASSENGER/OTHER	q23.3	chr2	152534451	152534451	G	T	36	35	48	62	57	5	73	20	83	40	0	5	0	13	0	0	0	10	0	11	0	0.142857142857143	0	0.209677419354839	0	0	0	0.5	0	0.275
exonic	SCN1A	SCN1A:NM_001202435:exon28:c.C5962T:p.R1988W,SCN1A:NM_001165964:exon26:c.C5878T:p.R1960W,SCN1A:NM_006920:exon26:c.C5929T:p.R1977W,SCN1A:NM_001165963:exon26:c.C5962T:p.R1988W,	nonsynonymous SNV	P35498	4.13	PASSENGER/OTHER	q24.3	chr2	166847823	166847823	G	A	154	119	199	210	145	96	117	109	194	136	0	20	0	55	1	25	0	30	0	35	0	0.168067226890756	0	0.261904761904762	0.00689655172413793	0.260416666666667	0	0.275229357798165	0	0.257352941176471
exonic	NUP35	NUP35:NM_001287585:exon8:c.C286T:p.R96C,NUP35:NM_138285:exon7:c.C640T:p.R214C,NUP35:NM_001287584:exon8:c.C589T:p.R197C,	nonsynonymous SNV	Q8NFH5	NA	0	q32.1	chr2	184023041	184023041	C	T	85	80	107	124	65	17	71	53	131	73	0	0	1	1	0	0	21	0	2	0	0	0	0.00934579439252336	0.00806451612903226	0	0	0.295774647887324	0	0.0152671755725191	0
exonic	COL3A1	COL3A1:NM_000090:exon39:c.G2689A:p.G897S,	nonsynonymous SNV	P02461	0	PASSENGER/OTHER	q32.2	chr2	189868735	189868735	G	A	16	17	26	53	34	9	38	9	37	16	0	2	0	11	0	0	0	0	0	1	0	0.117647058823529	0	0.207547169811321	0	0	0	0	0	0.0625
exonic	DNAH7	DNAH7:NM_018897:exon41:c.C7312T:p.R2438C,	nonsynonymous SNV	Q8WXX0	1.97	PASSENGER/OTHER	q32.3	chr2	196729067	196729067	G	A	40	34	48	69	45	14	77	15	72	37	0	0	0	0	0	0	17	0	0	0	0	0	0	0	0	0	0.220779220779221	0	0	0
exonic	STK36	STK36:NM_001243313:exon3:c.G119A:p.R40H,STK36:NM_015690:exon3:c.G119A:p.R40H,	nonsynonymous SNV	Q9NRP7	0.78	PASSENGER/OTHER	q35	chr2	219538382	219538382	G	A	57	44	51	62	37	18	66	35	66	33	0	0	0	0	0	0	13	0	1	0	0	0	0	0	0	0	0.196969696969697	0	0.0151515151515152	0
exonic	UGT1A7	UGT1A7:NM_019077:exon1:c.C247T:p.L83L,	synonymous SNV	Q9HAW7	NA	0	q37.1	chr2	234590830	234590830	C	T	28	37	25	41	25	14	53	15	43	25	0	10	0	12	0	3	0	9	0	2	0	0.27027027027027	0	0.292682926829268	0	0.214285714285714	0	0.6	0	0.08
exonic	UGT1A7	UGT1A7:NM_019077:exon1:c.C247T:p.L83L,	synonymous SNV	Q9HAW7	NA	0	q37.1	chr2	234590830	234590830	C	T	28	37	25	41	25	14	53	15	43	25	0	10	0	12	0	3	0	9	0	2	0	0.27027027027027	0	0.292682926829268	0	0.214285714285714	0	0.6	0	0.08
exonic	UGT1A7	UGT1A7:NM_019077:exon1:c.C247T:p.L83L,	synonymous SNV	Q9HAW7	NA	0	q37.1	chr2	234590830	234590830	C	T	28	37	25	41	25	14	53	15	43	25	0	10	0	12	0	3	0	9	0	2	0	0.27027027027027	0	0.292682926829268	0	0.214285714285714	0	0.6	0	0.08
exonic	UGT1A7	UGT1A7:NM_019077:exon1:c.C247T:p.L83L,	synonymous SNV	Q9HAW7	NA	0	q37.1	chr2	234590830	234590830	C	T	28	37	25	41	25	14	53	15	43	25	0	10	0	12	0	3	0	9	0	2	0	0.27027027027027	0	0.292682926829268	0	0.214285714285714	0	0.6	0	0.08
exonic	COL6A3	COL6A3:NM_004369:exon10:c.G4514A:p.R1505H,COL6A3:NM_057166:exon7:c.G2693A:p.R898H,COL6A3:NM_057167:exon9:c.G3896A:p.R1299H,	nonsynonymous SNV	P12111	4.6	PASSENGER/OTHER	q37.3	chr2	238277592	238277592	C	T	61	59	66	51	47	21	59	34	75	30	0	12	0	7	0	3	0	1	0	3	0	0.203389830508475	0	0.137254901960784	0	0.142857142857143	0	0.0294117647058824	0	0.1
exonic	PRR21	PRR21:NM_001080835:exon1:c.T237C:p.H79H,	synonymous SNV	Q8WXC7	2.58:2.59	PASSENGER/OTHER	q37.3	chr2	240982163	240982163	A	G	20	22	37	45	28	6	41	12	58	10	1	0	4	6	0	2	5	1	2	3	0.05	0	0.108108108108108	0.133333333333333	0	0.333333333333333	0.121951219512195	0.0833333333333333	0.0344827586206897	0.3
exonic	PRR21	PRR21:NM_001080835:exon1:c.T201G:p.C67W,	nonsynonymous SNV	Q8WXC7	2.58:2.59	PASSENGER/OTHER	q37.3	chr2	240982199	240982199	A	C	13	9	15	27	20	5	35	10	39	9	1	0	4	6	1	2	5	4	2	3	0.0769230769230769	0	0.266666666666667	0.222222222222222	0.05	0.4	0.142857142857143	0.4	0.0512820512820513	0.333333333333333
exonic	PRR21	PRR21:NM_001080835:exon1:c.G200A:p.C67Y,	nonsynonymous SNV	Q8WXC7	2.58:2.59	PASSENGER/OTHER	q37.3	chr2	240982200	240982200	C	T	13	9	14	27	20	4	36	9	39	9	1	0	3	6	0	1	5	3	2	3	0.0769230769230769	0	0.214285714285714	0.222222222222222	0	0.25	0.138888888888889	0.333333333333333	0.0512820512820513	0.333333333333333
exonic	ANO7	ANO7:NM_001001891:exon14:c.T1556G:p.I519S,	nonsynonymous SNV	Q6IWH7	3.28	PASSENGER/OTHER	q37.3	chr2	242149744	242149744	T	G	46	42	53	72	31	21	88	38	89	33	0	16	1	25	1	11	0	4	0	5	0	0.380952380952381	0.0188679245283019	0.347222222222222	0.032258064516129	0.523809523809524	0	0.105263157894737	0	0.151515151515152
exonic	SCN11A	SCN11A:NM_014139:exon26:c.A5093C:p.D1698A,SCN11A:NM_001287223:exon27:c.A5093C:p.D1698A,	nonsynonymous SNV	Q9UI33	3.99	PASSENGER/OTHER	p22.2	chr3	38888468	38888468	T	G	55	50	93	95	53	31	89	30	99	55	0	9	0	10	0	8	0	4	0	4	0	0.18	0	0.105263157894737	0	0.258064516129032	0	0.133333333333333	0	0.0727272727272727
exonic	DNAH1	DNAH1:NM_015512:exon59:c.C9464T:p.A3155V,	nonsynonymous SNV	Q9P2D7	NA	0	p21.1	chr3	52422922	52422922	C	T	39	40	40	45	29	18	66	33	60	36	0	0	0	0	0	0	12	0	0	0	0	0	0	0	0	0	0.181818181818182	0	0	0
exonic	PBRM1	PBRM1:NM_018313:exon25:c.G3887A:p.G1296D,	nonsynonymous SNV	Q86U86	NA	0	p21.1	chr3	52597423	52597423	C	T	96	92	115	124	108	36	168	57	134	96	0	2	0	17	0	6	0	0	0	10	0	0.0217391304347826	0	0.137096774193548	0	0.166666666666667	0	0	0	0.104166666666667
exonic	PBRM1	PBRM1:NM_018313:exon25:c.G3887A:p.G1296D,	nonsynonymous SNV	Q86U86	NA	0	p21.1	chr3	52597423	52597423	C	T	96	92	115	124	108	36	168	57	134	96	0	2	0	17	0	6	0	0	0	10	0	0.0217391304347826	0	0.137096774193548	0	0.166666666666667	0	0	0	0.104166666666667
exonic	PTPRG	PTPRG:NM_002841:exon12:c.G1968C:p.T656T,	synonymous SNV	P23470	NA	0	p14.2	chr3	62189437	62189437	G	C	11	6	7	11	6	2	17	3	11	1	0	2	4	6	2	0	13	0	4	0	0	0.333333333333333	0.571428571428571	0.545454545454545	0.333333333333333	0	0.764705882352941	0	0.363636363636364	0
exonic	OR5H6	OR5H6:NM_001005479:exon1:c.T474C:p.I158I,	synonymous SNV	Q8NGV6	NA	0	q11.2	chr3	97983602	97983602	T	C	15	16	11	27	17	8	29	10	34	10	1	1	2	0	5	2	0	2	4	1	0.0666666666666667	0.0625	0.181818181818182	0	0.294117647058824	0.25	0	0.2	0.117647058823529	0.1
exonic	ABI3BP	ABI3BP:NM_015429:exon30:c.A2650C:p.K884Q,	nonsynonymous SNV	Q7Z7G0	-1.02	PASSENGER/OTHER	q12.2	chr3	100484752	100484752	T	G	64	48	66	88	63	36	70	32	65	52	0	0	0	0	0	0	12	0	0	0	0	0	0	0	0	0	0.171428571428571	0	0	0
exonic	DZIP3	DZIP3:NM_014648:exon7:c.C504T:p.I168I,	synonymous SNV	Q86Y13	1.1	PASSENGER/OTHER	q13.13	chr3	108344739	108344739	C	T	132	77	102	152	130	44	144	53	125	91	0	0	0	0	0	0	19	0	0	0	0	0	0	0	0	0	0.131944444444444	0	0	0
exonic	DZIP3	DZIP3:NM_014648:exon7:c.A507T:p.Q169H,	nonsynonymous SNV	Q86Y13	1.1	PASSENGER/OTHER	q13.13	chr3	108344742	108344742	A	T	132	77	102	154	130	44	144	53	126	91	0	0	0	0	0	0	19	0	0	0	0	0	0	0	0	0	0.131944444444444	0	0	0
exonic	CCDC80	CCDC80:NM_199512:exon2:c.C1079G:p.T360R,CCDC80:NM_199511:exon2:c.C1079G:p.T360R,	nonsynonymous SNV	Q76M96	0.67	PASSENGER/OTHER	q13.2	chr3	112357674	112357674	G	C	33	23	32	49	30	5	41	17	63	18	0	4	0	12	0	0	0	9	0	6	0	0.173913043478261	0	0.244897959183673	0	0	0	0.529411764705882	0	0.333333333333333
exonic	ERICH6	ERICH6:NM_152394:exon1:c.G159A:p.E53E,	synonymous SNV	noID	NA	0	noID	chr3	150421527	150421527	C	T	19	6	21	23	5	4	31	7	37	3	1	0	2	6	1	0	2	0	2	0	0.0526315789473684	0	0.0952380952380952	0.260869565217391	0.2	0	0.0645161290322581	0	0.0540540540540541	0
exonic	ABCC5	ABCC5:NM_005688:exon11:c.G1527A:p.S509S,	synonymous SNV	O15440	NA	0	q27.1	chr3	183689585	183689585	C	T	21	17	21	34	30	6	52	6	32	22	0	0	0	1	0	0	23	0	0	0	0	0	0	0.0294117647058824	0	0	0.442307692307692	0	0	0
exonic	MUC4	MUC4:NM_018406:exon2:c.G3161C:p.S1054T,	nonsynonymous SNV	Q99102	NA	0	q29	chr3	195515290	195515290	C	G	85	88	90	133	70	28	163	50	160	52	1	9	13	17	7	2	18	8	16	2	0.0117647058823529	0.102272727272727	0.144444444444444	0.12781954887218	0.1	0.0714285714285714	0.110429447852761	0.16	0.1	0.0384615384615385
intronic	LEF1	NA	none	Q9UJU2	NA	0	q25	chr4	108999562	108999562	T	G	40	30	39	51	45	7	61	26	75	23	0	0	0	0	0	0	15	0	0	0	0	0	0	0	0	0	0.245901639344262	0	0	0
exonic	TRIO	TRIO:NM_007118:exon3:c.G273A:p.P91P,	synonymous SNV	O75962	NA	0	p15.2	chr5	14280471	14280471	G	A	53	62	87	82	45	11	60	32	95	60	0	8	0	19	0	0	0	6	0	14	0	0.129032258064516	0	0.231707317073171	0	0	0	0.1875	0	0.233333333333333
exonic	PDZD2	PDZD2:NM_178140:exon2:c.G710T:p.S237I,	nonsynonymous SNV	O15018	-0.15	PASSENGER/OTHER	p13.3	chr5	31983494	31983494	G	T	15	9	22	30	16	4	13	8	16	11	0	0	0	0	0	0	1	0	0	3	0	0	0	0	0	0	0.0769230769230769	0	0	0.272727272727273
exonic	ANKRD31	ANKRD31:NM_001164443:exon14:c.G2224T:p.D742Y,	nonsynonymous SNV	Q8N7Z5	-0.66	PASSENGER/OTHER	q13.3	chr5	74443012	74443012	C	A	33	30	33	52	42	10	55	18	71	35	0	3	1	8	0	0	0	0	0	7	0	0.1	0.0303030303030303	0.153846153846154	0	0	0	0	0	0.2
exonic	SPZ1	SPZ1:NM_032567:exon1:c.T946C:p.S316P,	nonsynonymous SNV	Q9BXG8	1.1	PASSENGER/OTHER	q14.1	chr5	79616980	79616980	T	C	62	69	74	77	56	17	74	50	94	42	0	0	0	0	10	0	0	0	0	0	0	0	0	0	0.178571428571429	0	0	0	0	0
exonic	MCTP1	MCTP1:NM_001002796:exon2:c.C163T:p.R55X,MCTP1:NM_024717:exon2:c.C826T:p.R276X,	stopgain	Q6DN14	NA	0	q15	chr5	94353083	94353083	G	A	15	14	10	14	16	4	21	7	19	13	0	0	0	1	7	0	0	0	0	0	0	0	0	0.0714285714285714	0.4375	0	0	0	0	0
exonic	PCDHB5	PCDHB5:NM_015669:exon1:c.C2365T:p.R789W,	nonsynonymous SNV	Q9Y5E4	2.25	PASSENGER/OTHER	q31.3	chr5	140517381	140517381	C	T	90	63	99	62	88	39	100	43	96	55	0	2	0	4	0	7	0	8	0	8	0	0.0317460317460317	0	0.0645161290322581	0	0.179487179487179	0	0.186046511627907	0	0.145454545454545
exonic	PCDHGB2	PCDHGB2:NM_032096:exon1:c.G177T:p.R59R,PCDHGB2:NM_018923:exon1:c.G177T:p.R59R,	synonymous SNV	Q9Y5G2	NA	0	q31.3	chr5	140739879	140739879	G	T	43	48	83	77	59	11	63	25	85	21	0	0	1	0	9	0	0	0	0	0	0	0	0.0120481927710843	0	0.152542372881356	0	0	0	0	0
exonic	PCDHGB2	PCDHGB2:NM_032096:exon1:c.G177T:p.R59R,PCDHGB2:NM_018923:exon1:c.G177T:p.R59R,	synonymous SNV	Q9Y5G2	NA	0	q31.3	chr5	140739879	140739879	G	T	43	48	83	77	59	11	63	25	85	21	0	0	1	0	9	0	0	0	0	0	0	0	0.0120481927710843	0	0.152542372881356	0	0	0	0	0
exonic	PCDHGB2	PCDHGB2:NM_032096:exon1:c.G177T:p.R59R,PCDHGB2:NM_018923:exon1:c.G177T:p.R59R,	synonymous SNV	Q9Y5G2	NA	0	q31.3	chr5	140739879	140739879	G	T	43	48	83	77	59	11	63	25	85	21	0	0	1	0	9	0	0	0	0	0	0	0	0.0120481927710843	0	0.152542372881356	0	0	0	0	0
exonic	PCDHGB2	PCDHGB2:NM_032096:exon1:c.G177T:p.R59R,PCDHGB2:NM_018923:exon1:c.G177T:p.R59R,	synonymous SNV	Q9Y5G2	NA	0	q31.3	chr5	140739879	140739879	G	T	43	48	83	77	59	11	63	25	85	21	0	0	1	0	9	0	0	0	0	0	0	0	0.0120481927710843	0	0.152542372881356	0	0	0	0	0
exonic	PCDHGB2	PCDHGB2:NM_032096:exon1:c.G177T:p.R59R,PCDHGB2:NM_018923:exon1:c.G177T:p.R59R,	synonymous SNV	Q9Y5G2	NA	0	q31.3	chr5	140739879	140739879	G	T	43	48	83	77	59	11	63	25	85	21	0	0	1	0	9	0	0	0	0	0	0	0	0.0120481927710843	0	0.152542372881356	0	0	0	0	0
exonic	PCDHGB2	PCDHGB2:NM_032096:exon1:c.G177T:p.R59R,PCDHGB2:NM_018923:exon1:c.G177T:p.R59R,	synonymous SNV	Q9Y5G2	NA	0	q31.3	chr5	140739879	140739879	G	T	43	48	83	77	59	11	63	25	85	21	0	0	1	0	9	0	0	0	0	0	0	0	0.0120481927710843	0	0.152542372881356	0	0	0	0	0
exonic	POU4F3	POU4F3:NM_002700:exon2:c.C354A:p.D118E,	nonsynonymous SNV	Q15319	2.44	PASSENGER/OTHER	q32	chr5	145719344	145719344	C	A	17	8	4	13	9	3	13	4	19	12	0	0	0	0	0	0	0	0	0	3	0	0	0	0	0	0	0	0	0	0.25
exonic	DOK3	DOK3:NM_001144875:exon3:c.G88T:p.A30S,DOK3:NM_024872:exon3:c.G256T:p.A86S,	nonsynonymous SNV	Q7L591	-1.07	PASSENGER/OTHER	q35.3	chr5	176935522	176935522	C	A	11	4	8	8	12	4	18	8	19	4	0	0	0	0	3	0	0	0	0	0	0	0	0	0	0.25	0	0	0	0	0
exonic	HIST1H2AG	HIST1H2AG:NM_021064:exon1:c.A1G:p.M1V,	nonsynonymous SNV	P0C0S8	NA	0	p22.1	chr6	27100851	27100851	A	G	23	14	10	13	20	6	35	12	36	15	0	4	0	4	0	2	0	8	0	6	0	0.285714285714286	0	0.307692307692308	0	0.333333333333333	0	0.666666666666667	0	0.4
exonic	DST	DST:NM_183380:exon90:c.G15791T:p.C5264F,DST:NM_001144770:exon91:c.G15911T:p.C5304F,DST:NM_015548:exon80:c.G14813T:p.C4938F,DST:NM_001144769:exon93:c.G16325T:p.C5442F,	nonsynonymous SNV	Q03001	NA	0	p12.1	chr6	56330881	56330881	C	A	14	39	18	76	15	17	21	23	21	31	0	13	0	34	0	9	0	9	0	10	0	0.333333333333333	0	0.447368421052632	0	0.529411764705882	0	0.391304347826087	0	0.32258064516129
exonic	MB21D1	MB21D1:NM_138441:exon5:c.G1362A:p.Q454Q,	synonymous SNV	Q8N884	NA	0	q13	chr6	74135157	74135157	C	T	36	38	32	50	29	16	45	17	63	24	0	2	0	0	2	0	7	0	0	0	0	0.0526315789473684	0	0	0.0689655172413793	0	0.155555555555556	0	0	0
exonic	GPR6	GPR6:NM_005284:exon2:c.T332C:p.V111A,GPR6:NM_001286099:exon3:c.T377C:p.V126A,	nonsynonymous SNV	P46095	3.91	PASSENGER/OTHER	q21	chr6	110300647	110300647	T	C	52	46	54	74	44	37	57	33	80	49	0	1	0	0	0	0	16	0	0	0	0	0.0217391304347826	0	0	0	0	0.280701754385965	0	0	0
exonic	GRM1	GRM1:NM_001278065:exon2:c.T588G:p.T196T,GRM1:NM_001278064:exon1:c.T588G:p.T196T,GRM1:NM_001278067:exon1:c.T588G:p.T196T,GRM1:NM_001278066:exon1:c.T588G:p.T196T,	synonymous SNV	Q13255	NA	0	q24.3	chr6	146351241	146351241	T	G	156	119	143	210	139	70	158	138	198	127	0	0	0	0	0	0	19	0	0	0	0	0	0	0	0	0	0.120253164556962	0	0	0
exonic	FNDC1	FNDC1:NM_032532:exon11:c.G2047A:p.D683N,	nonsynonymous SNV	Q4ZHG4	1.4	PASSENGER/OTHER	q25.3	chr6	159653591	159653591	G	A	16	13	10	23	15	3	19	6	26	10	0	0	0	0	5	0	0	0	0	0	0	0	0	0	0.333333333333333	0	0	0	0	0
exonic	TCP10L2	TCP10L2:NM_001145121:exon6:c.G760A:p.G254R,	nonsynonymous SNV	B9ZVM9	2.01	PASSENGER/OTHER	q27	chr6	167592601	167592601	G	A	38	16	48	39	42	12	60	17	66	21	1	0	3	3	3	3	5	0	3	0	0.0263157894736842	0	0.0625	0.0769230769230769	0.0714285714285714	0.25	0.0833333333333333	0	0.0454545454545455	0
exonic	TCP10L2	TCP10L2:NM_001145121:exon6:c.T765A:p.V255V,	synonymous SNV	B9ZVM9	2.01	PASSENGER/OTHER	q27	chr6	167592606	167592606	T	A	37	15	46	37	41	11	57	14	62	20	1	0	3	3	3	3	4	0	3	0	0.027027027027027	0	0.0652173913043478	0.0810810810810811	0.0731707317073171	0.272727272727273	0.0701754385964912	0	0.0483870967741935	0
exonic	WDR27	WDR27:NM_182552:exon14:c.A1458G:p.S486S,WDR27:NM_001202550:exon11:c.A1077G:p.S359S,	synonymous SNV	A2RRH5	NA	0	q27	chr6	170052049	170052049	T	C	15	12	27	11	19	6	21	8	32	5	1	4	13	5	7	1	6	2	19	1	0.0666666666666667	0.333333333333333	0.481481481481481	0.454545454545455	0.368421052631579	0.166666666666667	0.285714285714286	0.25	0.59375	0.2
exonic	DNAH11	DNAH11:NM_001277115:exon36:c.C6116T:p.A2039V,	nonsynonymous SNV	Q96DT5	NA	0	p15.3	chr7	21737767	21737767	C	T	88	71	113	179	117	32	153	72	137	68	0	11	0	33	0	8	2	21	0	18	0	0.154929577464789	0	0.184357541899441	0	0.25	0.0130718954248366	0.291666666666667	0	0.264705882352941
exonic	AOAH	AOAH:NM_001177507:exon1:c.C26T:p.T9M,AOAH:NM_001637:exon1:c.C26T:p.T9M,	nonsynonymous SNV	P28039	1.93	PASSENGER/OTHER	p14.2	chr7	36763728	36763728	G	A	59	56	56	106	57	11	84	41	82	44	0	0	0	2	0	0	23	0	0	0	0	0	0	0.0188679245283019	0	0	0.273809523809524	0	0	0
exonic	POM121L12	POM121L12:NM_182595:exon1:c.C271T:p.R91W,	nonsynonymous SNV	Q8N7R1	1.65	PASSENGER/OTHER	p12.1	chr7	53103635	53103635	C	T	12	15	15	14	12	6	25	7	27	8	1	3	0	5	0	0	0	0	0	1	0.0833333333333333	0.2	0	0.357142857142857	0	0	0	0	0	0.125
exonic	PCLO	PCLO:NM_033026:exon2:c.C1889T:p.T630M,PCLO:NM_014510:exon2:c.C1889T:p.T630M,	nonsynonymous SNV	Q9Y6V0	NA	0	q21.11	chr7	82784068	82784068	G	A	13	9	18	33	20	5	35	12	36	13	0	1	0	7	0	0	0	2	0	1	0	0.111111111111111	0	0.212121212121212	0	0	0	0.166666666666667	0	0.0769230769230769
exonic	ADAM22	ADAM22:NM_021721:exon1:c.C83A:p.A28E,ADAM22:NM_016351:exon1:c.C83A:p.A28E,ADAM22:NM_021722:exon1:c.C83A:p.A28E,ADAM22:NM_004194:exon1:c.C83A:p.A28E,ADAM22:NM_021723:exon1:c.C83A:p.A28E,	nonsynonymous SNV	Q9P0K1	1.61	PASSENGER/OTHER	q21.12	chr7	87563863	87563863	C	A	33	23	16	42	18	15	27	31	49	40	0	0	0	0	4	0	0	0	0	1	0	0	0	0	0.222222222222222	0	0	0	0	0.025
exonic	FLNC	FLNC:NM_001458:exon48:c.C8118T:p.L2706L,FLNC:NM_001127487:exon47:c.C8019T:p.L2673L,	synonymous SNV	Q14315	NA	0	q32.1	chr7	128498517	128498517	C	T	14	30	22	37	37	9	42	19	39	24	1	10	4	7	7	1	11	3	9	5	0.0714285714285714	0.333333333333333	0.181818181818182	0.189189189189189	0.189189189189189	0.111111111111111	0.261904761904762	0.157894736842105	0.230769230769231	0.208333333333333
exonic	FLNC	FLNC:NM_001458:exon48:c.T8121C:p.I2707I,FLNC:NM_001127487:exon47:c.T8022C:p.I2674I,	synonymous SNV	Q14315	NA	0	q32.1	chr7	128498520	128498520	T	C	14	30	22	38	36	10	41	20	38	25	1	8	4	6	5	2	12	4	9	5	0.0714285714285714	0.266666666666667	0.181818181818182	0.157894736842105	0.138888888888889	0.2	0.292682926829268	0.2	0.236842105263158	0.2
exonic	TMEM209	TMEM209:NM_032842:exon7:c.G922A:p.D308N,	nonsynonymous SNV	Q96SK2	1.5	PASSENGER/OTHER	q32.2	chr7	129825061	129825061	C	T	80	74	80	107	99	38	92	64	104	56	0	14	0	25	0	7	0	14	0	13	0	0.189189189189189	0	0.233644859813084	0	0.184210526315789	0	0.21875	0	0.232142857142857
exonic	RP1L1	RP1L1:NM_178857:exon4:c.C6692T:p.P2231L,	nonsynonymous SNV	noID	NA	0	p23.1	chr8	10464916	10464916	G	A	15	7	15	22	18	5	31	17	43	6	0	0	0	0	0	0	14	0	0	0	0	0	0	0	0	0	0.451612903225806	0	0	0
intronic	DOCK5	NA	none	Q9H7D0	NA	0	p21.2	chr8	25253248	25253248	C	A	10	2	4	5	1	1	7	2	10	6	0	0	0	0	1	0	0	0	1	3	0	0	0	0	1	0	0	0	0.1	0.5
exonic	PXDNL	PXDNL:NM_144651:exon14:c.C1793T:p.T598M,	nonsynonymous SNV	A1KZ92	1.94	PASSENGER/OTHER	q11.23	chr8	52336137	52336137	G	A	35	35	55	68	45	13	51	20	62	32	0	0	0	0	0	0	15	0	0	0	0	0	0	0	0	0	0.294117647058824	0	0	0
exonic	GGH	GGH:NM_003878:exon1:c.G91A:p.A31T,	nonsynonymous SNV	Q92820	2	PASSENGER/OTHER	q12.3	chr8	63951237	63951237	C	T	10	9	16	5	12	7	24	5	14	6	0	4	8	2	3	3	13	3	5	3	0	0.444444444444444	0.5	0.4	0.25	0.428571428571429	0.541666666666667	0.6	0.357142857142857	0.5
exonic	RHPN1	RHPN1:NM_052924:exon7:c.G689A:p.R230H,	nonsynonymous SNV	Q8TCX5	2.22	PASSENGER/OTHER	q24.3	chr8	144461186	144461186	G	A	30	20	36	51	29	7	66	20	53	22	0	0	0	0	10	0	0	0	0	0	0	0	0	0	0.344827586206897	0	0	0	0	0
exonic	EEF1D	EEF1D:NM_001130057:exon6:c.G524A:p.R175Q,EEF1D:NM_001130055:exon7:c.G524A:p.R175Q,EEF1D:NM_001130053:exon8:c.G1622A:p.R541Q,EEF1D:NM_032378:exon8:c.G1622A:p.R541Q,EEF1D:NM_001960:exon6:c.G524A:p.R175Q,EEF1D:NM_001195203:exon6:c.G467A:p.R156Q,EEF1D:NM_001289950:exon6:c.G524A:p.R175Q,EEF1D:NM_001130056:exon5:c.G452A:p.R151Q,	nonsynonymous SNV	P29692	NA	0	q24.3	chr8	144662764	144662764	C	T	79	69	66	84	62	17	108	63	103	52	0	0	0	0	0	0	29	0	0	0	0	0	0	0	0	0	0.268518518518519	0	0	0
exonic	SH3GL2	SH3GL2:NM_003026:exon5:c.G365A:p.R122Q,	nonsynonymous SNV	Q99962	1.97	PASSENGER/OTHER	p22.2	chr9	17787411	17787411	G	A	34	36	43	74	34	21	72	30	62	30	0	12	1	21	0	10	0	15	0	9	0	0.333333333333333	0.0232558139534884	0.283783783783784	0	0.476190476190476	0	0.5	0	0.3
intronic	AQP7	NA	none	O14520	NA	0	p13.3	chr9	33395216	33395216	T	G	10	13	12	12	7	3	14	9	23	12	1	1	2	0	0	2	1	0	1	0	0.1	0.0769230769230769	0.166666666666667	0	0	0.666666666666667	0.0714285714285714	0	0.0434782608695652	0
exonic	SPAG8	SPAG8:NM_001039592:exon3:c.C953T:p.T318I,SPAG8:NM_172312:exon3:c.C953T:p.T318I,	nonsynonymous SNV	Q99932	0.69	PASSENGER/OTHER	p13.3	chr9	35810966	35810966	G	A	135	116	148	220	128	59	132	110	153	106	0	0	0	0	0	0	43	0	1	0	0	0	0	0	0	0	0.325757575757576	0	0.0065359477124183	0
exonic	OR2S2	OR2S2:NM_019897:exon1:c.T519C:p.N173N,	synonymous SNV	Q9NQN1	NA	0	p13.3	chr9	35957577	35957577	A	G	15	10	17	29	15	4	36	19	29	11	1	6	10	10	10	1	21	11	17	5	0.0666666666666667	0.6	0.588235294117647	0.344827586206897	0.666666666666667	0.25	0.583333333333333	0.578947368421053	0.586206896551724	0.454545454545455
exonic	ANP32B	ANP32B:NM_006401:exon7:c.G748A:p.D250N,	nonsynonymous SNV	Q92688	3.21:2.6	PASSENGER/OTHER	q22.33	chr9	100777705	100777705	G	A	10	9	5	16	11	6	9	7	10	3	1	0	0	1	3	0	2	1	0	0	0.1	0	0	0.0625	0.272727272727273	0	0.222222222222222	0.142857142857143	0	0
exonic	ANP32B	ANP32B:NM_006401:exon7:c.T753A:p.D251E,	nonsynonymous SNV	Q92688	3.21:2.6	PASSENGER/OTHER	q22.33	chr9	100777710	100777710	T	A	12	9	8	19	12	6	11	9	13	3	1	0	0	1	3	0	2	1	0	0	0.0833333333333333	0	0	0.0526315789473684	0.25	0	0.181818181818182	0.111111111111111	0	0
exonic	OR13D1	OR13D1:NM_001004484:exon1:c.G3T:p.M1I,	nonsynonymous SNV	Q8NGV5	5.48	PASSENGER/OTHER	q31.1	chr9	107456705	107456705	G	T	13	11	10	33	15	2	16	3	25	11	0	0	0	0	0	1	0	0	0	1	0	0	0	0	0	0.5	0	0	0	0.0909090909090909
exonic	OLFML2A	OLFML2A:NM_182487:exon8:c.C1490G:p.A497G,OLFML2A:NM_001282715:exon5:c.C848G:p.A283G,	nonsynonymous SNV	Q68BL7	1.54	PASSENGER/OTHER	q33.3	chr9	127572222	127572222	C	G	72	82	66	110	66	33	103	52	103	54	0	0	0	0	17	0	0	0	0	0	0	0	0	0	0.257575757575758	0	0	0	0	0
exonic	SFMBT2	SFMBT2:NM_001018039:exon19:c.C2324T:p.P775L,SFMBT2:NM_001029880:exon19:c.C2324T:p.P775L,	nonsynonymous SNV	Q5VUG0	0.91	PASSENGER/OTHER	p14	chr10	7213948	7213948	G	A	11	19	17	19	6	15	26	3	19	11	1	5	11	10	3	8	16	0	8	2	0.0909090909090909	0.263157894736842	0.647058823529412	0.526315789473684	0.5	0.533333333333333	0.615384615384615	0	0.421052631578947	0.181818181818182
exonic	ZNF485	ZNF485:NM_145312:exon5:c.A402G:p.E134E,	synonymous SNV	Q8NCK3	NA	0	q11.21	chr10	44111893	44111893	A	G	69	47	64	91	59	26	86	38	85	59	0	17	0	34	0	4	0	9	1	20	0	0.361702127659574	0	0.373626373626374	0	0.153846153846154	0	0.236842105263158	0.0117647058823529	0.338983050847458
UTR5	SYT15	NM_181519:c.-152C>A,NM_031912:c.-152C>A)	none	Q9BQS2	NA	0	q11.22	chr10	46970600	46970600	G	T	10	8	14	9	5	4	10	3	16	8	0	0	0	0	0	0	0	0	3	0	0	0	0	0	0	0	0	0	0.1875	0
exonic	WDFY4	WDFY4:NM_020945:exon58:c.C8997T:p.S2999S,	synonymous SNV	Q6ZS81	NA	0	q11.22	chr10	50182975	50182975	C	T	61	69	80	74	55	24	105	43	137	47	0	0	0	0	0	0	28	0	1	0	0	0	0	0	0	0	0.266666666666667	0	0.0072992700729927	0
exonic	TET1	TET1:NM_030625:exon12:c.T5462A:p.I1821N,	nonsynonymous SNV	Q8NFU7	3.27	PASSENGER/OTHER	q21.3	chr10	70450622	70450622	T	A	26	34	47	36	34	13	51	19	37	18	0	2	0	7	0	4	0	2	0	6	0	0.0588235294117647	0	0.194444444444444	0	0.307692307692308	0	0.105263157894737	0	0.333333333333333
exonic	CNNM2	CNNM2:NM_199077:exon1:c.C1428T:p.S476S,CNNM2:NM_199076:exon1:c.C1428T:p.S476S,CNNM2:NM_017649:exon1:c.C1428T:p.S476S,	synonymous SNV	Q9H8M5	NA	0	q24.32	chr10	104679665	104679665	C	T	18	10	6	18	12	3	20	5	19	15	0	3	0	1	0	1	0	4	0	3	0	0.3	0	0.0555555555555556	0	0.333333333333333	0	0.8	0	0.2
exonic	MUC6	MUC6:NM_005961:exon31:c.G4742A:p.G1581E,	nonsynonymous SNV	Q6W4X9	4.32:4.15	PASSENGER/OTHER	p15.5	chr11	1018059	1018059	C	T	42	19	41	46	28	9	68	10	68	12	1	2	4	5	2	1	5	1	9	3	0.0238095238095238	0.105263157894737	0.0975609756097561	0.108695652173913	0.0714285714285714	0.111111111111111	0.0735294117647059	0.1	0.132352941176471	0.25
exonic	MUC6	MUC6:NM_005961:exon31:c.C4615A:p.P1539T,	nonsynonymous SNV	Q6W4X9	4.32:4.15	PASSENGER/OTHER	p15.5	chr11	1018186	1018186	G	T	63	51	55	97	57	32	109	36	100	46	1	2	4	7	1	4	11	6	13	0	0.0158730158730159	0.0392156862745098	0.0727272727272727	0.0721649484536082	0.0175438596491228	0.125	0.100917431192661	0.166666666666667	0.13	0
exonic	KRTAP5-1	KRTAP5-1:NM_001005922:exon1:c.C324T:p.G108G,	synonymous SNV	Q6L8H4	NA	0	p15.5	chr11	1606156	1606156	G	A	10	3	20	8	14	1	18	4	16	5	0	1	7	1	3	0	1	0	2	3	0	0.333333333333333	0.35	0.125	0.214285714285714	0	0.0555555555555556	0	0.125	0.6
exonic	KRTAP5-1	KRTAP5-1:NM_001005922:exon1:c.C324T:p.G108G,	synonymous SNV	Q6L8H4	NA	0	p15.5	chr11	1606156	1606156	G	A	10	3	20	8	14	1	18	4	16	5	0	1	7	1	3	0	1	0	2	3	0	0.333333333333333	0.35	0.125	0.214285714285714	0	0.0555555555555556	0	0.125	0.6
exonic	OR52A5	OR52A5:NM_001005160:exon1:c.T285G:p.S95S,	synonymous SNV	Q9H2C5	NA	0	p15.4	chr11	5153588	5153588	A	C	84	80	105	136	109	48	119	81	166	79	0	0	0	0	0	0	24	0	0	0	0	0	0	0	0	0	0.201680672268908	0	0	0
exonic	OR51B6	OR51B6:NM_001004750:exon1:c.C433G:p.R145G,	nonsynonymous SNV	Q9H340	4.16	PASSENGER/OTHER	p15.4	chr11	5373170	5373170	C	G	12	9	9	27	9	6	20	6	21	7	1	2	3	6	5	0	3	0	7	2	0.0833333333333333	0.222222222222222	0.333333333333333	0.222222222222222	0.555555555555556	0	0.15	0	0.333333333333333	0.285714285714286
exonic	OR51B6	OR51B6:NM_001004750:exon1:c.C433G:p.R145G,	nonsynonymous SNV	Q9H340	4.16	PASSENGER/OTHER	p15.4	chr11	5373170	5373170	C	G	12	9	9	27	9	6	20	6	21	7	1	2	3	6	5	0	3	0	7	2	0.0833333333333333	0.222222222222222	0.333333333333333	0.222222222222222	0.555555555555556	0	0.15	0	0.333333333333333	0.285714285714286
exonic	OR51B6	OR51B6:NM_001004750:exon1:c.C433G:p.R145G,	nonsynonymous SNV	Q9H340	4.16	PASSENGER/OTHER	p15.4	chr11	5373170	5373170	C	G	12	9	9	27	9	6	20	6	21	7	1	2	3	6	5	0	3	0	7	2	0.0833333333333333	0.222222222222222	0.333333333333333	0.222222222222222	0.555555555555556	0	0.15	0	0.333333333333333	0.285714285714286
exonic	NELL1	NELL1:NM_001288714:exon5:c.G468A:p.P156P,NELL1:NM_001288713:exon7:c.G723A:p.P241P,NELL1:NM_006157:exon6:c.G639A:p.P213P,NELL1:NM_201551:exon6:c.G639A:p.P213P,	synonymous SNV	Q92832	NA	0	p15.1	chr11	20939763	20939763	G	A	81	60	79	114	82	25	87	44	120	39	0	4	0	23	0	2	0	13	0	4	0	0.0666666666666667	0	0.201754385964912	0	0.08	0	0.295454545454545	0	0.102564102564103
exonic	SPI1	SPI1:NM_001080547:exon5:c.A683C:p.K228T,SPI1:NM_003120:exon5:c.A680C:p.K227T,	nonsynonymous SNV	P17947	-0.84	PASSENGER/OTHER	p11.2	chr11	47376911	47376911	T	G	11	19	13	33	14	6	20	9	26	11	0	0	0	0	0	0	6	0	0	0	0	0	0	0	0	0	0.3	0	0	0
exonic	OR4C3	OR4C3:NM_001004702:exon1:c.T112G:p.F38V,	nonsynonymous SNV	Q8NH37	NA	0	p11.2	chr11	48346604	48346604	T	G	35	23	37	48	38	12	59	18	51	37	0	3	2	1	3	0	5	0	3	2	0	0.130434782608696	0.0540540540540541	0.0208333333333333	0.0789473684210526	0	0.0847457627118644	0	0.0588235294117647	0.0540540540540541
exonic	OR4C3	OR4C3:NM_001004702:exon1:c.G123A:p.G41G,	synonymous SNV	Q8NH37	NA	0	p11.2	chr11	48346615	48346615	G	A	35	23	40	48	37	12	56	17	49	37	0	4	3	1	3	0	5	0	3	2	0	0.173913043478261	0.075	0.0208333333333333	0.0810810810810811	0	0.0892857142857143	0	0.0612244897959184	0.0540540540540541
exonic	OR4C45	UNKNOWN	unknown	noID	NA	0	noID	chr11	48367097	48367097	A	G	39	22	39	77	23	18	64	35	84	39	0	0	4	6	1	0	13	1	9	3	0	0	0.102564102564103	0.0779220779220779	0.0434782608695652	0	0.203125	0.0285714285714286	0.107142857142857	0.0769230769230769
exonic	KRTAP5-10	KRTAP5-10:NM_001012710:exon1:c.T318C:p.S106S,	synonymous SNV	Q6L8G5	NA	0	q13.4	chr11	71276951	71276951	T	C	16	9	20	21	14	3	26	12	23	17	1	1	1	3	1	0	1	0	0	3	0.0625	0.111111111111111	0.05	0.142857142857143	0.0714285714285714	0	0.0384615384615385	0	0	0.176470588235294
exonic	TENM4	TENM4:NM_001098816:exon32:c.G6239A:p.R2080H,	nonsynonymous SNV	Q6N022	1.6	PASSENGER/OTHER	q14.1	chr11	78381151	78381151	C	T	30	7	15	45	43	16	35	25	39	20	0	0	0	0	0	0	11	0	0	0	0	0	0	0	0	0	0.314285714285714	0	0	0
exonic	FAT3	FAT3:NM_001008781:exon1:c.G2720T:p.R907M,	nonsynonymous SNV	Q8TDW7	4.07	PASSENGER/OTHER	q14.3	chr11	92087998	92087998	G	T	29	20	42	39	37	10	55	21	65	16	0	0	0	0	0	0	9	0	0	0	0	0	0	0	0	0	0.163636363636364	0	0	0
exonic	MTNR1B	MTNR1B:NM_005959:exon2:c.G717A:p.R239R,	synonymous SNV	P49286	NA	0	q14.3	chr11	92715106	92715106	G	A	36	21	29	30	18	6	40	12	56	10	0	7	0	8	0	2	0	5	0	5	0	0.333333333333333	0	0.266666666666667	0	0.333333333333333	0	0.416666666666667	0	0.5
exonic	ATM	ATM:NM_000051:exon18:c.C2802A:p.S934R,	nonsynonymous SNV	Q13315	-0.75	PASSENGER/OTHER	q22.3	chr11	108139300	108139300	C	A	29	16	34	30	27	11	20	9	31	13	0	0	0	0	1	0	0	0	0	5	0	0	0	0	0.037037037037037	0	0	0	0	0.384615384615385
exonic	SIK2	SIK2:NM_015191:exon4:c.G433T:p.A145S,	nonsynonymous SNV	Q9H0K1	1.48	PASSENGER/OTHER	q23.1	chr11	111558841	111558841	G	T	56	48	58	71	74	30	92	27	107	38	0	0	0	0	0	5	0	0	0	0	0	0	0	0	0	0.166666666666667	0	0	0	0
exonic	SIK3	SIK3:NM_001281749:exon7:c.G871T:p.E291X,SIK3:NM_025164:exon7:c.G871T:p.E291X,SIK3:NM_001281748:exon8:c.G394T:p.E132X,	stopgain	Q9Y2K2	NA	0	q23.3	chr11	116747753	116747753	C	A	78	63	122	125	69	24	95	35	125	44	0	0	0	1	0	5	0	0	0	0	0	0	0	0.008	0	0.208333333333333	0	0	0	0
exonic	OR8D1	OR8D1:NM_001002917:exon1:c.C750A:p.I250I,	synonymous SNV	Q8WZ84	NA	0	q24.2	chr11	124179913	124179913	G	T	33	12	24	46	26	22	65	19	63	22	0	1	0	0	0	0	1	0	0	4	0	0.0833333333333333	0	0	0	0	0.0153846153846154	0	0	0.181818181818182
exonic	LTBR	LTBR:NM_001270987:exon5:c.C459A:p.A153A,LTBR:NM_002342:exon5:c.C516A:p.A172A,	synonymous SNV	P36941	NA	0	p13.31	chr12	6495275	6495275	C	A	16	17	22	38	35	12	43	18	35	21	1	7	9	22	17	10	16	9	21	8	0.0625	0.411764705882353	0.409090909090909	0.578947368421053	0.485714285714286	0.833333333333333	0.372093023255814	0.5	0.6	0.380952380952381
exonic	TAS2R43	TAS2R43:NM_176884:exon1:c.T639C:p.G213G,	synonymous SNV	P59537	5.49	PASSENGER/OTHER	p13.2	chr12	11244190	11244190	A	G	47	31	47	79	37	9	74	30	76	28	1	2	7	15	5	1	2	4	7	2	0.0212765957446809	0.0645161290322581	0.148936170212766	0.189873417721519	0.135135135135135	0.111111111111111	0.027027027027027	0.133333333333333	0.0921052631578947	0.0714285714285714
exonic	TAS2R43	TAS2R43:NM_176884:exon1:c.T639C:p.G213G,	synonymous SNV	P59537	5.49	PASSENGER/OTHER	p13.2	chr12	11244190	11244190	A	G	47	31	47	79	37	9	74	30	76	28	1	2	7	15	5	1	2	4	7	2	0.0212765957446809	0.0645161290322581	0.148936170212766	0.189873417721519	0.135135135135135	0.111111111111111	0.027027027027027	0.133333333333333	0.0921052631578947	0.0714285714285714
exonic	TAS2R43	TAS2R43:NM_176884:exon1:c.T639C:p.G213G,	synonymous SNV	P59537	5.49	PASSENGER/OTHER	p13.2	chr12	11244190	11244190	A	G	47	31	47	79	37	9	74	30	76	28	1	2	7	15	5	1	2	4	7	2	0.0212765957446809	0.0645161290322581	0.148936170212766	0.189873417721519	0.135135135135135	0.111111111111111	0.027027027027027	0.133333333333333	0.0921052631578947	0.0714285714285714
exonic	TAS2R43	TAS2R43:NM_176884:exon1:c.G630C:p.Q210H,	nonsynonymous SNV	P59537	5.49	PASSENGER/OTHER	p13.2	chr12	11244199	11244199	C	G	53	31	60	85	37	9	80	36	78	31	1	2	7	15	5	0	1	4	6	2	0.0188679245283019	0.0645161290322581	0.116666666666667	0.176470588235294	0.135135135135135	0	0.0125	0.111111111111111	0.0769230769230769	0.0645161290322581
exonic	TAS2R43	TAS2R43:NM_176884:exon1:c.G630C:p.Q210H,	nonsynonymous SNV	P59537	5.49	PASSENGER/OTHER	p13.2	chr12	11244199	11244199	C	G	53	31	60	85	37	9	80	36	78	31	1	2	7	15	5	0	1	4	6	2	0.0188679245283019	0.0645161290322581	0.116666666666667	0.176470588235294	0.135135135135135	0	0.0125	0.111111111111111	0.0769230769230769	0.0645161290322581
exonic	TAS2R43	TAS2R43:NM_176884:exon1:c.G630C:p.Q210H,	nonsynonymous SNV	P59537	5.49	PASSENGER/OTHER	p13.2	chr12	11244199	11244199	C	G	53	31	60	85	37	9	80	36	78	31	1	2	7	15	5	0	1	4	6	2	0.0188679245283019	0.0645161290322581	0.116666666666667	0.176470588235294	0.135135135135135	0	0.0125	0.111111111111111	0.0769230769230769	0.0645161290322581
exonic	TAS2R30	TAS2R30:NM_001097643:exon1:c.C142G:p.L48V,	nonsynonymous SNV	noID	NA	0	p13.2	chr12	11286702	11286702	G	C	24	23	35	47	18	17	50	25	61	24	0	1	7	4	2	1	5	1	5	2	0	0.0434782608695652	0.2	0.0851063829787234	0.111111111111111	0.0588235294117647	0.1	0.04	0.0819672131147541	0.0833333333333333
exonic	TAS2R30	TAS2R30:NM_001097643:exon1:c.C142G:p.L48V,	nonsynonymous SNV	noID	NA	0	p13.2	chr12	11286702	11286702	G	C	24	23	35	47	18	17	50	25	61	24	0	1	7	4	2	1	5	1	5	2	0	0.0434782608695652	0.2	0.0851063829787234	0.111111111111111	0.0588235294117647	0.1	0.04	0.0819672131147541	0.0833333333333333
exonic	TAS2R30	TAS2R30:NM_001097643:exon1:c.C142G:p.L48V,	nonsynonymous SNV	noID	NA	0	p13.2	chr12	11286702	11286702	G	C	24	23	35	47	18	17	50	25	61	24	0	1	7	4	2	1	5	1	5	2	0	0.0434782608695652	0.2	0.0851063829787234	0.111111111111111	0.0588235294117647	0.1	0.04	0.0819672131147541	0.0833333333333333
exonic	TAS2R30	TAS2R30:NM_001097643:exon1:c.T131C:p.V44A,	nonsynonymous SNV	noID	NA	0	p13.2	chr12	11286713	11286713	A	G	32	32	48	66	34	23	65	40	88	31	1	2	9	7	5	1	5	1	5	2	0.03125	0.0625	0.1875	0.106060606060606	0.147058823529412	0.0434782608695652	0.0769230769230769	0.025	0.0568181818181818	0.0645161290322581
exonic	TAS2R30	TAS2R30:NM_001097643:exon1:c.T131C:p.V44A,	nonsynonymous SNV	noID	NA	0	p13.2	chr12	11286713	11286713	A	G	32	32	48	66	34	23	65	40	88	31	1	2	9	7	5	1	5	1	5	2	0.03125	0.0625	0.1875	0.106060606060606	0.147058823529412	0.0434782608695652	0.0769230769230769	0.025	0.0568181818181818	0.0645161290322581
exonic	TAS2R30	TAS2R30:NM_001097643:exon1:c.T131C:p.V44A,	nonsynonymous SNV	noID	NA	0	p13.2	chr12	11286713	11286713	A	G	32	32	48	66	34	23	65	40	88	31	1	2	9	7	5	1	5	1	5	2	0.03125	0.0625	0.1875	0.106060606060606	0.147058823529412	0.0434782608695652	0.0769230769230769	0.025	0.0568181818181818	0.0645161290322581
exonic	TAS2R30	TAS2R30:NM_001097643:exon1:c.C108G:p.V36V,	synonymous SNV	noID	NA	0	p13.2	chr12	11286736	11286736	G	C	39	31	56	68	35	24	67	47	92	31	1	2	11	8	5	1	5	4	6	1	0.0256410256410256	0.0645161290322581	0.196428571428571	0.117647058823529	0.142857142857143	0.0416666666666667	0.0746268656716418	0.0851063829787234	0.0652173913043478	0.032258064516129
exonic	TAS2R30	TAS2R30:NM_001097643:exon1:c.C108G:p.V36V,	synonymous SNV	noID	NA	0	p13.2	chr12	11286736	11286736	G	C	39	31	56	68	35	24	67	47	92	31	1	2	11	8	5	1	5	4	6	1	0.0256410256410256	0.0645161290322581	0.196428571428571	0.117647058823529	0.142857142857143	0.0416666666666667	0.0746268656716418	0.0851063829787234	0.0652173913043478	0.032258064516129
exonic	TAS2R30	TAS2R30:NM_001097643:exon1:c.C108G:p.V36V,	synonymous SNV	noID	NA	0	p13.2	chr12	11286736	11286736	G	C	39	31	56	68	35	24	67	47	92	31	1	2	11	8	5	1	5	4	6	1	0.0256410256410256	0.0645161290322581	0.196428571428571	0.117647058823529	0.142857142857143	0.0416666666666667	0.0746268656716418	0.0851063829787234	0.0652173913043478	0.032258064516129
exonic	TAS2R30	TAS2R30:NM_001097643:exon1:c.T24A:p.I8I,	synonymous SNV	noID	NA	0	p13.2	chr12	11286820	11286820	A	T	29	19	26	24	12	10	21	19	53	12	1	2	7	5	2	1	5	7	7	0	0.0344827586206897	0.105263157894737	0.269230769230769	0.208333333333333	0.166666666666667	0.1	0.238095238095238	0.368421052631579	0.132075471698113	0
exonic	TAS2R30	TAS2R30:NM_001097643:exon1:c.T24A:p.I8I,	synonymous SNV	noID	NA	0	p13.2	chr12	11286820	11286820	A	T	29	19	26	24	12	10	21	19	53	12	1	2	7	5	2	1	5	7	7	0	0.0344827586206897	0.105263157894737	0.269230769230769	0.208333333333333	0.166666666666667	0.1	0.238095238095238	0.368421052631579	0.132075471698113	0
exonic	TAS2R30	TAS2R30:NM_001097643:exon1:c.T24A:p.I8I,	synonymous SNV	noID	NA	0	p13.2	chr12	11286820	11286820	A	T	29	19	26	24	12	10	21	19	53	12	1	2	7	5	2	1	5	7	7	0	0.0344827586206897	0.105263157894737	0.269230769230769	0.208333333333333	0.166666666666667	0.1	0.238095238095238	0.368421052631579	0.132075471698113	0
exonic	GXYLT1	GXYLT1:NM_173601:exon5:c.A636C:p.S212S,GXYLT1:NM_001099650:exon4:c.A543C:p.S181S,	synonymous SNV	Q4G148	NA	0	q12	chr12	42499848	42499848	T	G	16	0	7	9	8	0	8	3	11	6	1	0	0	0	0	0	0	0	1	0	0.0625	NA	0	0	0	NA	0	0	0.0909090909090909	0
exonic	GXYLT1	GXYLT1:NM_173601:exon3:c.C483A:p.G161G,GXYLT1:NM_001099650:exon2:c.C390A:p.G130G,	synonymous SNV	Q4G148	NA	0	q12	chr12	42512805	42512805	G	T	70	40	63	55	59	31	72	34	101	39	1	0	0	3	4	0	2	1	5	0	0.0142857142857143	0	0	0.0545454545454545	0.0677966101694915	0	0.0277777777777778	0.0294117647058824	0.0495049504950495	0
exonic	NELL2	NELL2:NM_001145107:exon18:c.T2087G:p.V696G,NELL2:NM_001145109:exon17:c.T1934G:p.V645G,NELL2:NM_001145110:exon18:c.T2006G:p.V669G,NELL2:NM_006159:exon18:c.T1937G:p.V646G,NELL2:NM_001145108:exon17:c.T1937G:p.V646G,	nonsynonymous SNV	Q99435	3.38	PASSENGER/OTHER	q12	chr12	44917135	44917135	A	C	67	38	64	64	45	16	62	39	78	28	0	0	0	0	0	0	9	0	0	0	0	0	0	0	0	0	0.145161290322581	0	0	0
exonic	KRT76	KRT76:NM_015848:exon1:c.G325T:p.G109C,	nonsynonymous SNV	Q01546	1.37	PASSENGER/OTHER	q13.13	chr12	53170751	53170751	C	A	31	19	19	28	20	10	38	23	48	7	0	0	0	0	3	0	0	0	0	0	0	0	0	0	0.15	0	0	0	0	0
exonic	KRT18	KRT18:NM_000224:exon1:c.T346C:p.L116L,KRT18:NM_199187:exon2:c.T346C:p.L116L,	synonymous SNV	P05783	NA	0	q13.13	chr12	53343303	53343303	T	C	36	38	21	53	26	8	46	20	50	23	1	0	2	8	2	3	2	2	8	3	0.0277777777777778	0	0.0952380952380952	0.150943396226415	0.0769230769230769	0.375	0.0434782608695652	0.1	0.16	0.130434782608696
exonic	KRT18	KRT18:NM_000224:exon1:c.T346C:p.L116L,KRT18:NM_199187:exon2:c.T346C:p.L116L,	synonymous SNV	P05783	NA	0	q13.13	chr12	53343303	53343303	T	C	36	38	21	53	26	8	46	20	50	23	1	0	2	8	2	3	2	2	8	3	0.0277777777777778	0	0.0952380952380952	0.150943396226415	0.0769230769230769	0.375	0.0434782608695652	0.1	0.16	0.130434782608696
exonic	ACTR6	ACTR6:NM_022496:exon9:c.G811T:p.A271S,	nonsynonymous SNV	Q9GZN1	2.23	PASSENGER/OTHER	q23.1	chr12	100612253	100612253	G	T	167	86	152	135	122	53	151	82	156	96	0	0	0	2	17	0	0	0	2	0	0	0	0	0.0148148148148148	0.139344262295082	0	0	0	0.0128205128205128	0
exonic	ACTR6	ACTR6:NM_022496:exon9:c.G811T:p.A271S,	nonsynonymous SNV	Q9GZN1	2.23	PASSENGER/OTHER	q23.1	chr12	100612253	100612253	G	T	167	86	152	135	122	53	151	82	156	96	0	0	0	2	17	0	0	0	2	0	0	0	0	0.0148148148148148	0.139344262295082	0	0	0	0.0128205128205128	0
exonic	VSIG10	VSIG10:NM_019086:exon5:c.C1046T:p.T349I,	nonsynonymous SNV	Q8N0Z9	3.3	PASSENGER/OTHER	q24.23	chr12	118511677	118511677	G	A	39	46	59	66	60	20	71	27	122	50	1	2	5	1	1	2	8	0	1	1	0.0256410256410256	0.0434782608695652	0.0847457627118644	0.0151515151515152	0.0166666666666667	0.1	0.112676056338028	0	0.00819672131147541	0.02
exonic	RIMBP2	RIMBP2:NM_015347:exon9:c.C1471A:p.Q491K,	nonsynonymous SNV	O15034	1.59	PASSENGER/OTHER	q24.33	chr12	130923044	130923044	G	T	10	11	21	21	14	10	18	19	40	10	0	2	0	11	0	0	0	2	0	2	0	0.181818181818182	0	0.523809523809524	0	0	0	0.105263157894737	0	0.2
exonic	TPTE2	TPTE2:NM_001141968:exon17:c.T1014C:p.Y338Y,TPTE2:NM_199254:exon19:c.T1347C:p.Y449Y,TPTE2:NM_130785:exon16:c.T1116C:p.Y372Y,TPTE2:NM_001271850:exon5:c.T360C:p.Y120Y,	synonymous SNV	Q6XPS3	-3.11:-3.26	CANCER	q12.11	chr13	20000613	20000613	A	G	22	13	17	17	4	4	12	15	17	16	1	4	6	2	0	0	1	4	1	0	0.0454545454545455	0.307692307692308	0.352941176470588	0.117647058823529	0	0	0.0833333333333333	0.266666666666667	0.0588235294117647	0
exonic	TPTE2	TPTE2:NM_001141968:exon17:c.A1013T:p.Y338F,TPTE2:NM_199254:exon19:c.A1346T:p.Y449F,TPTE2:NM_130785:exon16:c.A1115T:p.Y372F,TPTE2:NM_001271850:exon5:c.A359T:p.Y120F,	nonsynonymous SNV	Q6XPS3	-3.11:-3.26	CANCER	q12.11	chr13	20000614	20000614	T	A	22	13	17	17	4	4	12	15	17	16	1	4	6	2	0	0	1	4	1	0	0.0454545454545455	0.307692307692308	0.352941176470588	0.117647058823529	0	0	0.0833333333333333	0.266666666666667	0.0588235294117647	0
exonic	TPTE2	TPTE2:NM_001141968:exon17:c.A1006G:p.N336D,TPTE2:NM_199254:exon19:c.A1339G:p.N447D,TPTE2:NM_130785:exon16:c.A1108G:p.N370D,TPTE2:NM_001271850:exon5:c.A352G:p.N118D,	nonsynonymous SNV	Q6XPS3	-3.11:-3.26	CANCER	q12.11	chr13	20000621	20000621	T	C	21	12	13	16	3	4	10	10	16	14	1	4	5	2	0	0	1	3	1	0	0.0476190476190476	0.333333333333333	0.384615384615385	0.125	0	0	0.1	0.3	0.0625	0
exonic	BRCA2	BRCA2:NM_000059:exon27:c.G10093T:p.V3365F,	nonsynonymous SNV	P51587	5.72	PASSENGER/OTHER	q13.1	chr13	32972743	32972743	G	T	61	21	62	54	34	17	78	29	65	28	0	0	0	0	0	3	0	0	0	0	0	0	0	0	0	0.176470588235294	0	0	0	0
exonic	PROSER1	PROSER1:NM_025138:exon11:c.T1524G:p.S508S,	synonymous SNV	Q86XN7	NA	0	q13.3	chr13	39587865	39587865	A	C	10	8	12	18	10	5	30	8	30	13	0	7	6	9	5	3	12	5	10	5	0	0.875	0.5	0.5	0.5	0.6	0.4	0.625	0.333333333333333	0.384615384615385
exonic	LHFP	LHFP:NM_005780:exon2:c.C59A:p.A20D,	nonsynonymous SNV	Q9Y693	0.68	PASSENGER/OTHER	q14.11	chr13	40175295	40175295	G	T	36	25	32	60	27	15	59	21	70	36	0	4	0	0	0	0	0	0	0	0	0	0.16	0	0	0	0	0	0	0	0
exonic	IRS2	IRS2:NM_003749:exon1:c.C2349T:p.F783F,	synonymous SNV	Q9Y4H2	NA	0	q34	chr13	110436052	110436052	G	A	25	28	29	46	31	4	45	26	27	20	0	0	0	0	0	0	0	8	0	0	0	0	0	0	0	0	0	0.307692307692308	0	0
exonic	SYNDIG1L	SYNDIG1L:NM_001105579:exon4:c.C645T:p.A215A,	synonymous SNV	A6NDD5	NA	0	q24.3	chr14	74874310	74874310	G	A	10	14	17	23	14	3	26	7	29	5	1	7	9	15	10	1	19	4	19	4	0.1	0.5	0.529411764705882	0.652173913043478	0.714285714285714	0.333333333333333	0.730769230769231	0.571428571428571	0.655172413793103	0.8
exonic	SMEK1	SMEK1:NM_001284280:exon4:c.C706T:p.H236Y,	nonsynonymous SNV	Q6IN85	0.48	PASSENGER/OTHER	q32.12	chr14	91948129	91948129	G	A	27	22	22	47	25	2	27	12	50	18	0	0	0	3	0	1	0	3	0	3	0	0	0	0.0638297872340425	0	0.5	0	0.25	0	0.166666666666667
exonic	SERPINA11	SERPINA11:NM_001080451:exon3:c.A689C:p.E230A,	nonsynonymous SNV	Q86U17	3.31	PASSENGER/OTHER	q32.13	chr14	94912896	94912896	T	G	11	10	14	11	13	3	13	6	25	12	1	6	6	6	5	2	2	2	15	3	0.0909090909090909	0.6	0.428571428571429	0.545454545454545	0.384615384615385	0.666666666666667	0.153846153846154	0.333333333333333	0.6	0.25
exonic	HERC2	HERC2:NM_004667:exon42:c.C6582T:p.D2194D,	synonymous SNV	O95714	NA	0	q13.1	chr15	28459092	28459092	G	A	42	24	47	65	24	22	51	33	85	36	0	2	4	9	0	0	5	2	7	6	0	0.0833333333333333	0.0851063829787234	0.138461538461538	0	0	0.0980392156862745	0.0606060606060606	0.0823529411764706	0.166666666666667
exonic	HERC2	HERC2:NM_004667:exon42:c.C6579T:p.P2193P,	synonymous SNV	O95714	NA	0	q13.1	chr15	28459095	28459095	G	A	42	26	44	66	26	23	51	32	84	36	1	4	4	9	0	0	5	2	7	6	0.0238095238095238	0.153846153846154	0.0909090909090909	0.136363636363636	0	0	0.0980392156862745	0.0625	0.0833333333333333	0.166666666666667
exonic	SLTM	SLTM:NM_024755:exon3:c.G283A:p.D95N,SLTM:NM_001013843:exon3:c.G283A:p.D95N,	nonsynonymous SNV	Q9NWH9	0.12	PASSENGER/OTHER	q22.1	chr15	59209166	59209166	C	T	88	60	89	108	66	39	68	54	80	57	0	0	0	0	0	0	10	0	1	0	0	0	0	0	0	0	0.147058823529412	0	0.0125	0
exonic	SLTM	SLTM:NM_024755:exon3:c.G283A:p.D95N,SLTM:NM_001013843:exon3:c.G283A:p.D95N,	nonsynonymous SNV	Q9NWH9	0.12	PASSENGER/OTHER	q22.1	chr15	59209166	59209166	C	T	88	60	89	108	66	39	68	54	80	57	0	0	0	0	0	0	10	0	1	0	0	0	0	0	0	0	0.147058823529412	0	0.0125	0
exonic	TLN2	TLN2:NM_015059:exon26:c.C3395A:p.T1132K,	nonsynonymous SNV	Q9Y4G6	2.59:2.54	PASSENGER/OTHER	q22.2	chr15	63029113	63029113	C	A	26	29	29	36	24	10	28	19	33	17	0	0	0	0	0	3	0	0	0	0	0	0	0	0	0	0.3	0	0	0	0
exonic	TLN2	TLN2:NM_015059:exon26:c.C3403A:p.Q1135K,	nonsynonymous SNV	Q9Y4G6	2.59:2.54	PASSENGER/OTHER	q22.2	chr15	63029121	63029121	C	A	30	33	45	45	26	12	40	24	41	19	0	0	0	0	0	3	0	0	0	0	0	0	0	0	0	0.25	0	0	0	0
exonic	CAPN15	CAPN15:NM_005632:exon9:c.G2332A:p.G778S,	nonsynonymous SNV	O75808	0.08	PASSENGER/OTHER	p13.3	chr16	601651	601651	G	A	44	60	63	73	53	18	62	41	67	35	0	4	0	13	0	3	0	0	0	10	0	0.0666666666666667	0	0.178082191780822	0	0.166666666666667	0	0	0	0.285714285714286
exonic	PALB2	PALB2:NM_024675:exon5:c.C2216A:p.P739H,	nonsynonymous SNV	Q86YC2	4.28	PASSENGER/OTHER	p12.2	chr16	23641259	23641259	G	T	24	19	21	40	29	10	21	34	46	30	0	3	0	0	0	0	0	0	0	0	0	0.157894736842105	0	0	0	0	0	0	0	0
exonic	GTF3C1	GTF3C1:NM_001286242:exon11:c.C1893T:p.I631I,GTF3C1:NM_001520:exon11:c.C1893T:p.I631I,	synonymous SNV	Q12789	NA	0	p12.1	chr16	27514194	27514194	G	A	63	64	64	93	69	23	105	48	69	37	0	0	0	0	0	0	19	0	0	0	0	0	0	0	0	0	0.180952380952381	0	0	0
ncRNA_exonic	LINC00273	NA	none	noID	NA	0	noID	chr16	33961581	33961581	G	T	10	9	18	33	10	6	24	10	37	15	1	2	2	3	0	0	6	0	7	2	0.1	0.222222222222222	0.111111111111111	0.0909090909090909	0	0	0.25	0	0.189189189189189	0.133333333333333
ncRNA_exonic	LINC00273	NA	none	noID	NA	0	noID	chr16	33961597	33961597	A	C	11	10	18	36	12	7	23	11	37	15	1	2	1	3	0	0	6	0	9	2	0.0909090909090909	0.2	0.0555555555555556	0.0833333333333333	0	0	0.260869565217391	0	0.243243243243243	0.133333333333333
ncRNA_exonic	LINC00273	NA	none	noID	NA	0	noID	chr16	33961598	33961598	G	A	10	10	18	36	12	7	23	11	36	15	0	2	1	3	0	0	7	0	9	2	0	0.2	0.0555555555555556	0.0833333333333333	0	0	0.304347826086957	0	0.25	0.133333333333333
ncRNA_exonic	LINC00273	NA	none	noID	NA	0	noID	chr16	33961607	33961607	G	T	10	13	19	35	16	7	24	16	39	14	0	3	1	10	6	0	8	1	13	3	0	0.230769230769231	0.0526315789473684	0.285714285714286	0.375	0	0.333333333333333	0.0625	0.333333333333333	0.214285714285714
ncRNA_exonic	LINC00273	NA	none	noID	NA	0	noID	chr16	33961621	33961621	G	A	10	15	20	37	19	9	23	16	42	14	0	5	3	6	0	1	8	2	13	2	0	0.333333333333333	0.15	0.162162162162162	0	0.111111111111111	0.347826086956522	0.125	0.30952380952381	0.142857142857143
ncRNA_exonic	LINC00273	NA	none	noID	NA	0	noID	chr16	33961628	33961628	A	G	11	18	20	37	19	9	25	17	42	14	0	7	4	12	7	1	10	3	16	3	0	0.388888888888889	0.2	0.324324324324324	0.368421052631579	0.111111111111111	0.4	0.176470588235294	0.380952380952381	0.214285714285714
ncRNA_exonic	LINC00273	NA	none	noID	NA	0	noID	chr16	33961643	33961643	G	A	14	16	16	37	24	7	25	19	38	14	1	5	3	6	2	1	10	3	11	3	0.0714285714285714	0.3125	0.1875	0.162162162162162	0.0833333333333333	0.142857142857143	0.4	0.157894736842105	0.289473684210526	0.214285714285714
exonic	LDHD	LDHD:NM_194436:exon11:c.G1397A:p.R466Q,LDHD:NM_153486:exon11:c.G1466A:p.R489Q,	nonsynonymous SNV	Q86WU2	1.68	PASSENGER/OTHER	q23.1	chr16	75146312	75146312	C	T	73	54	85	95	71	31	132	41	82	47	0	0	0	0	0	0	36	0	0	0	0	0	0	0	0	0	0.272727272727273	0	0	0
exonic	ZCCHC14	ZCCHC14:NM_015144:exon12:c.G2077A:p.V693M,	nonsynonymous SNV	Q8WYQ9	0.77	PASSENGER/OTHER	q24.2	chr16	87445839	87445839	C	T	14	9	17	12	11	5	16	8	17	6	1	5	7	10	5	5	7	2	6	2	0.0714285714285714	0.555555555555556	0.411764705882353	0.833333333333333	0.454545454545455	1	0.4375	0.25	0.352941176470588	0.333333333333333
exonic	TP53	TP53:NM_001126118:exon7:c.C799T:p.R267X,TP53:NM_001276761:exon8:c.C799T:p.R267X,TP53:NM_001126113:exon8:c.C916T:p.R306X,TP53:NM_001276697:exon4:c.C439T:p.R147X,TP53:NM_001126114:exon8:c.C916T:p.R306X,TP53:NM_001276698:exon4:c.C439T:p.R147X,TP53:NM_001126116:exon4:c.C520T:p.R174X,TP53:NM_001126115:exon4:c.C520T:p.R174X,TP53:NM_001276695:exon8:c.C799T:p.R267X,TP53:NM_001276760:exon8:c.C799T:p.R267X,TP53:NM_001126117:exon4:c.C520T:p.R174X,TP53:NM_000546:exon8:c.C916T:p.R306X,TP53:NM_001276699:exon4:c.C439T:p.R147X,TP53:NM_001126112:exon8:c.C916T:p.R306X,TP53:NM_001276696:exon8:c.C799T:p.R267X,	stopgain	P04637	NA	0	p13.1	chr17	7577022	7577022	G	A	28	28	31	41	36	10	40	17	52	18	0	0	0	0	0	0	15	0	0	0	0	0	0	0	0	0	0.375	0	0	0
splicing	TP53	NM_001276761:exon6:c.442+1G>A,NM_001276760:exon6:c.442+1G>A,NM_001126112:exon6:c.559+1G>A,NM_001126115:exon2:c.163+1G>A,NM_001126114:exon6:c.559+1G>A,NM_001276695:exon6:c.442+1G>A,NM_000546:exon6:c.559+1G>A,NM_001126117:exon2:c.163+1G>A,NM_001126116:exon2:c.163+1G>A,NM_001126118:exon5:c.442+1G>A,NM_001276699:exon2:c.82+1G>A,NM_001276698:exon2:c.82+1G>A,NM_001276697:exon2:c.82+1G>A,NM_001276696:exon6:c.442+1G>A,NM_001126113:exon6:c.559+1G>A)	none	P04637	NA	0	p13.1	chr17	7578370	7578370	C	T	17	20	16	20	11	6	29	6	28	11	0	6	0	8	0	3	0	2	0	5	0	0.3	0	0.4	0	0.5	0	0.333333333333333	0	0.454545454545455
exonic	ARHGEF15	ARHGEF15:NM_173728:exon16:c.T2381A:p.L794Q,ARHGEF15:NM_025014:exon16:c.T2381A:p.L794Q,	nonsynonymous SNV	O94989	-0.06	PASSENGER/OTHER	p13.1	chr17	8224166	8224166	T	A	19	14	10	17	8	7	23	5	40	10	0	0	0	0	0	0	4	0	1	0	0	0	0	0	0	0	0.173913043478261	0	0.025	0
exonic	KCNJ12,KCNJ18	KCNJ12:NM_021012:exon3:c.G1214T:p.S405I,KCNJ18:NM_001194958:exon3:c.G1214T:p.S405I,	nonsynonymous SNV	noID	NA	0	noID	chr17	21319868	21319868	G	T	25	14	14	25	11	3	28	6	27	5	1	1	3	3	0	1	7	1	5	2	0.04	0.0714285714285714	0.214285714285714	0.12	0	0.333333333333333	0.25	0.166666666666667	0.185185185185185	0.4
exonic	FOXN1	FOXN1:NM_003593:exon8:c.C1830A:p.D610E,	nonsynonymous SNV	O15353	1.11	PASSENGER/OTHER	q11.2	chr17	26864337	26864337	C	A	15	17	16	42	13	6	31	11	28	9	0	0	1	0	0	3	0	0	0	0	0	0	0.0625	0	0	0.5	0	0	0	0
exonic	MYO18A	MYO18A:NM_078471:exon8:c.G1751A:p.R584H,MYO18A:NM_203318:exon8:c.G1751A:p.R584H,	nonsynonymous SNV	Q92614	0.48	PASSENGER/OTHER	q11.2	chr17	27446431	27446431	C	T	29	45	37	64	38	18	80	14	72	17	0	11	0	5	0	3	0	3	0	4	0	0.244444444444444	0	0.078125	0	0.166666666666667	0	0.214285714285714	0	0.235294117647059
exonic	CDK12	CDK12:NM_015083:exon3:c.C2075A:p.T692K,CDK12:NM_016507:exon3:c.C2075A:p.T692K,	nonsynonymous SNV	Q9NYV4	-0.61	PASSENGER/OTHER	q12	chr17	37646953	37646953	C	A	10	13	13	18	16	6	13	10	23	15	0	1	0	0	0	0	3	0	0	0	0	0.0769230769230769	0	0	0	0	0.230769230769231	0	0	0
exonic	AOC3	AOC3:NM_001277731:exon2:c.G1811A:p.R604H,AOC3:NM_001277732:exon2:c.G182A:p.R61H,AOC3:NM_003734:exon2:c.G1811A:p.R604H,	nonsynonymous SNV	Q16853	3.55	PASSENGER/OTHER	q21.31	chr17	41006675	41006675	G	A	13	10	33	36	15	4	28	21	32	14	0	0	0	0	0	0	0	0	0	4	0	0	0	0	0	0	0	0	0	0.285714285714286
exonic	G6PC	G6PC:NM_001270397:exon1:c.C58T:p.Q20X,G6PC:NM_000151:exon1:c.C58T:p.Q20X,	stopgain	P35575	NA	0	q21.31	chr17	41052951	41052951	C	T	65	45	88	54	60	15	61	32	72	33	0	5	0	8	0	6	0	10	0	6	0	0.111111111111111	0	0.148148148148148	0	0.4	0	0.3125	0	0.181818181818182
exonic	CDC27	CDC27:NM_001293091:exon13:c.T1729C:p.W577R,CDC27:NM_001293089:exon14:c.T1909C:p.W637R,CDC27:NM_001114091:exon14:c.T1930C:p.W644R,CDC27:NM_001256:exon14:c.T1912C:p.W638R,	nonsynonymous SNV	P30260	3.04:1.08	PASSENGER/OTHER	q21.32	chr17	45214519	45214519	A	G	11	16	7	13	8	2	10	4	10	10	0	5	1	2	2	1	3	1	3	2	0	0.3125	0.142857142857143	0.153846153846154	0.25	0.5	0.3	0.25	0.3	0.2
exonic	CDC27	CDC27:NM_001293091:exon6:c.A454G:p.N152D,CDC27:NM_001293089:exon7:c.A637G:p.N213D,CDC27:NM_001114091:exon7:c.A637G:p.N213D,CDC27:NM_001256:exon7:c.A637G:p.N213D,	nonsynonymous SNV	P30260	3.04:1.08	PASSENGER/OTHER	q21.32	chr17	45234484	45234484	T	C	10	5	6	12	13	3	15	7	22	8	0	0	1	2	0	0	1	1	4	2	0	0	0.166666666666667	0.166666666666667	0	0	0.0666666666666667	0.142857142857143	0.181818181818182	0.25
exonic	SP2	SP2:NM_003110:exon3:c.G717A:p.P239P,	synonymous SNV	Q02086	NA	0	q21.32	chr17	45994154	45994154	G	A	12	16	18	14	4	7	20	8	26	6	0	13	10	6	1	6	9	6	12	2	0	0.8125	0.555555555555556	0.428571428571429	0.25	0.857142857142857	0.45	0.75	0.461538461538462	0.333333333333333
exonic	OTOP3	OTOP3:NM_178233:exon6:c.G1248T:p.V416V,OTOP3:NM_001272005:exon6:c.G1194T:p.V398V,	synonymous SNV	Q7RTS5	NA	0	q25.1	chr17	72943198	72943198	G	T	19	18	12	24	24	5	31	10	47	17	0	0	0	0	0	3	0	1	0	0	0	0	0	0	0	0.6	0	0.1	0	0
exonic	CBX4	CBX4:NM_003655:exon5:c.T1514C:p.V505A,	nonsynonymous SNV	O00257	NA	0	q25.3	chr17	77807927	77807927	A	G	11	17	10	13	7	4	14	4	15	3	0	3	2	1	1	0	2	0	0	0	0	0.176470588235294	0.2	0.0769230769230769	0.142857142857143	0	0.142857142857143	0	0	0
exonic	C17orf70	C17orf70:NM_025161:exon5:c.C2153A:p.A718D,	nonsynonymous SNV	Q0VG06	1.22	PASSENGER/OTHER	q25.3	chr17	79513955	79513955	G	T	19	24	26	23	17	10	50	13	24	21	0	0	0	0	4	0	0	0	0	0	0	0	0	0	0.235294117647059	0	0	0	0	0
exonic	CNN2	CNN2:NM_201277:exon6:c.C554T:p.P185L,CNN2:NM_004368:exon7:c.C671T:p.P224L,	nonsynonymous SNV	Q99439	1.08	PASSENGER/OTHER	p13.3	chr19	1037640	1037640	C	T	25	34	24	35	17	0	42	18	34	22	1	2	1	1	2	0	4	1	1	2	0.04	0.0588235294117647	0.0416666666666667	0.0285714285714286	0.117647058823529	NA	0.0952380952380952	0.0555555555555556	0.0294117647058824	0.0909090909090909
exonic	PLIN4	PLIN4:NM_001080400:exon3:c.T2439C:p.G813G,	synonymous SNV	Q96Q06	NA	0	p13.3	chr19	4511491	4511491	A	G	13	6	8	16	4	6	15	8	22	5	1	3	5	3	4	6	5	6	6	0	0.0769230769230769	0.5	0.625	0.1875	1	1	0.333333333333333	0.75	0.272727272727273	0
exonic	MUC16	MUC16:NM_024690:exon20:c.G37273A:p.G12425S,	nonsynonymous SNV	noID	NA	0	p13.2	chr19	9020829	9020829	C	T	37	27	36	50	31	19	51	17	53	17	1	1	3	2	1	3	3	1	3	0	0.027027027027027	0.037037037037037	0.0833333333333333	0.04	0.032258064516129	0.157894736842105	0.0588235294117647	0.0588235294117647	0.0566037735849057	0
exonic	ELOF1	ELOF1:NM_032377:exon2:c.C102T:p.S34S,	synonymous SNV	P60002	NA	0	p13.2	chr19	11665061	11665061	G	A	62	64	56	72	72	19	78	44	65	34	0	0	0	0	0	0	17	0	0	0	0	0	0	0	0	0	0.217948717948718	0	0	0
exonic	CYP4F3	CYP4F3:NM_001199208:exon2:c.G146A:p.R49Q,CYP4F3:NM_000896:exon2:c.G146A:p.R49Q,CYP4F3:NM_001199209:exon2:c.G146A:p.R49Q,	nonsynonymous SNV	Q08477	1.73	PASSENGER/OTHER	p13.12	chr19	15752371	15752371	G	A	31	29	39	55	50	15	47	28	62	33	0	0	0	0	0	0	22	0	2	0	0	0	0	0	0	0	0.468085106382979	0	0.032258064516129	0
exonic	SIX5	SIX5:NM_175875:exon1:c.G472A:p.A158T,	nonsynonymous SNV	Q8N196	3.07	PASSENGER/OTHER	q13.32	chr19	46271631	46271631	C	T	68	59	51	73	48	20	90	46	60	34	0	11	0	11	2	6	0	5	0	11	0	0.186440677966102	0	0.150684931506849	0.0416666666666667	0.3	0	0.108695652173913	0	0.323529411764706
ncRNA_exonic	NAPSB	NA	none	noID	NA	0	noID	chr19	50838216	50838216	G	T	12	18	21	20	15	5	30	10	36	8	0	0	4	0	0	0	0	0	0	0	0	0	0.19047619047619	0	0	0	0	0	0	0
ncRNA_exonic	NAPSB	NA	none	noID	NA	0	noID	chr19	50838216	50838216	G	T	12	18	21	20	15	5	30	10	36	8	0	0	4	0	0	0	0	0	0	0	0	0	0.19047619047619	0	0	0	0	0	0	0
exonic	ZNF83	ZNF83:NM_001277946:exon4:c.C846T:p.I282I,ZNF83:NM_001105550:exon5:c.C846T:p.I282I,ZNF83:NM_001277949:exon5:c.C846T:p.I282I,ZNF83:NM_001277947:exon6:c.C846T:p.I282I,ZNF83:NM_001277945:exon6:c.C846T:p.I282I,ZNF83:NM_018300:exon3:c.C846T:p.I282I,ZNF83:NM_001277951:exon3:c.C846T:p.I282I,ZNF83:NM_001105552:exon4:c.C846T:p.I282I,ZNF83:NM_001277948:exon5:c.C846T:p.I282I,ZNF83:NM_001277952:exon5:c.C846T:p.I282I,ZNF83:NM_001105551:exon5:c.C846T:p.I282I,ZNF83:NM_001105549:exon6:c.C846T:p.I282I,	synonymous SNV	P51522	NA	0	q13.41	chr19	53116972	53116972	G	A	67	42	32	57	34	17	68	27	86	26	0	0	0	0	0	0	7	0	0	0	0	0	0	0	0	0	0.102941176470588	0	0	0
exonic	LILRA2	LILRA2:NM_001130917:exon5:c.A882G:p.R294R,LILRA2:NM_001290271:exon6:c.A882G:p.R294R,LILRA2:NM_006866:exon6:c.A882G:p.R294R,LILRA2:NM_001290270:exon4:c.A846G:p.R282R,	synonymous SNV	Q8N149	4.22	PASSENGER/OTHER	q13.42	chr19	55086949	55086949	A	G	40	46	41	52	37	12	62	36	69	33	1	5	1	3	2	2	5	3	7	1	0.025	0.108695652173913	0.024390243902439	0.0576923076923077	0.0540540540540541	0.166666666666667	0.0806451612903226	0.0833333333333333	0.101449275362319	0.0303030303030303
exonic	LILRA2	LILRA2:NM_001130917:exon5:c.A882G:p.R294R,LILRA2:NM_001290271:exon6:c.A882G:p.R294R,LILRA2:NM_006866:exon6:c.A882G:p.R294R,LILRA2:NM_001290270:exon4:c.A846G:p.R282R,	synonymous SNV	Q8N149	4.22	PASSENGER/OTHER	q13.42	chr19	55086949	55086949	A	G	40	46	41	52	37	12	62	36	69	33	1	5	1	3	2	2	5	3	7	1	0.025	0.108695652173913	0.024390243902439	0.0576923076923077	0.0540540540540541	0.166666666666667	0.0806451612903226	0.0833333333333333	0.101449275362319	0.0303030303030303
exonic	LILRA2	LILRA2:NM_001130917:exon5:c.C888T:p.Y296Y,LILRA2:NM_001290271:exon6:c.C888T:p.Y296Y,LILRA2:NM_006866:exon6:c.C888T:p.Y296Y,LILRA2:NM_001290270:exon4:c.C852T:p.Y284Y,	synonymous SNV	Q8N149	4.22	PASSENGER/OTHER	q13.42	chr19	55086955	55086955	C	T	36	45	40	47	31	13	60	32	65	33	1	5	1	3	2	3	5	3	7	1	0.0277777777777778	0.111111111111111	0.025	0.0638297872340425	0.0645161290322581	0.230769230769231	0.0833333333333333	0.09375	0.107692307692308	0.0303030303030303
exonic	LILRA2	LILRA2:NM_001130917:exon5:c.C888T:p.Y296Y,LILRA2:NM_001290271:exon6:c.C888T:p.Y296Y,LILRA2:NM_006866:exon6:c.C888T:p.Y296Y,LILRA2:NM_001290270:exon4:c.C852T:p.Y284Y,	synonymous SNV	Q8N149	4.22	PASSENGER/OTHER	q13.42	chr19	55086955	55086955	C	T	36	45	40	47	31	13	60	32	65	33	1	5	1	3	2	3	5	3	7	1	0.0277777777777778	0.111111111111111	0.025	0.0638297872340425	0.0645161290322581	0.230769230769231	0.0833333333333333	0.09375	0.107692307692308	0.0303030303030303
exonic	LILRA2	LILRA2:NM_001130917:exon5:c.A889G:p.S297G,LILRA2:NM_001290271:exon6:c.A889G:p.S297G,LILRA2:NM_006866:exon6:c.A889G:p.S297G,LILRA2:NM_001290270:exon4:c.A853G:p.S285G,	nonsynonymous SNV	Q8N149	4.22	PASSENGER/OTHER	q13.42	chr19	55086956	55086956	A	G	36	45	39	46	31	11	61	33	65	33	1	5	2	3	2	3	5	3	6	1	0.0277777777777778	0.111111111111111	0.0512820512820513	0.0652173913043478	0.0645161290322581	0.272727272727273	0.0819672131147541	0.0909090909090909	0.0923076923076923	0.0303030303030303
exonic	LILRA2	LILRA2:NM_001130917:exon5:c.A889G:p.S297G,LILRA2:NM_001290271:exon6:c.A889G:p.S297G,LILRA2:NM_006866:exon6:c.A889G:p.S297G,LILRA2:NM_001290270:exon4:c.A853G:p.S285G,	nonsynonymous SNV	Q8N149	4.22	PASSENGER/OTHER	q13.42	chr19	55086956	55086956	A	G	36	45	39	46	31	11	61	33	65	33	1	5	2	3	2	3	5	3	6	1	0.0277777777777778	0.111111111111111	0.0512820512820513	0.0652173913043478	0.0645161290322581	0.272727272727273	0.0819672131147541	0.0909090909090909	0.0923076923076923	0.0303030303030303
exonic	ZNF71	ZNF71:NM_021216:exon3:c.G313A:p.V105I,	nonsynonymous SNV	Q9NQZ8	3.63	PASSENGER/OTHER	q13.43	chr19	57132968	57132968	G	A	15	20	28	27	14	9	46	13	44	9	1	12	15	13	8	2	22	3	21	5	0.0666666666666667	0.6	0.535714285714286	0.481481481481481	0.571428571428571	0.222222222222222	0.478260869565217	0.230769230769231	0.477272727272727	0.555555555555556
exonic	SIRPB2	SIRPB2:NM_001134836:exon5:c.G577A:p.V193M,SIRPB2:NM_001122962:exon5:c.G871A:p.V291M,	nonsynonymous SNV	Q5JXA9	4.56	PASSENGER/OTHER	p13	chr20	1456970	1456970	C	T	10	9	9	15	11	6	26	4	13	7	1	8	6	8	2	5	16	4	6	4	0.1	0.888888888888889	0.666666666666667	0.533333333333333	0.181818181818182	0.833333333333333	0.615384615384615	1	0.461538461538462	0.571428571428571
exonic	PREX1	PREX1:NM_020820:exon24:c.C2838A:p.S946R,	nonsynonymous SNV	Q8TCU6	2.18	PASSENGER/OTHER	q13.13	chr20	47266724	47266724	G	T	13	11	5	13	6	2	19	11	8	6	0	3	0	0	0	0	0	0	0	0	0	0.272727272727273	0	0	0	0	0	0	0	0
exonic	LTN1	LTN1:NM_015565:exon17:c.A3263G:p.N1088S,	nonsynonymous SNV	O94822	NA	0	q21.3	chr21	30325653	30325653	T	C	109	67	107	125	95	38	103	63	100	43	0	0	0	0	34	0	1	0	0	0	0	0	0	0	0.357894736842105	0	0.00970873786407767	0	0	0
exonic	PTTG1IP	PTTG1IP:NM_004339:exon4:c.C436T:p.R146W,	nonsynonymous SNV	P53801	1.26	PASSENGER/OTHER	q22.3	chr21	46276121	46276121	G	A	58	31	39	38	45	16	51	15	70	31	0	0	0	0	8	0	0	0	0	0	0	0	0	0	0.177777777777778	0	0	0	0	0
exonic	GNB1L	GNB1L:NM_053004:exon3:c.G78A:p.L26L,	synonymous SNV	Q9BYB4	NA	0	q11.21	chr22	19808801	19808801	C	T	74	55	85	65	59	27	89	63	104	41	0	0	0	0	16	0	0	0	0	0	0	0	0	0	0.271186440677966	0	0	0	0	0
exonic	CDC42EP1	CDC42EP1:NM_152243:exon3:c.C741G:p.A247A,	synonymous SNV	Q00587	1.62	PASSENGER/OTHER	q13.1	chr22	37964392	37964392	C	G	13	6	6	9	2	3	29	5	11	3	1	0	0	0	1	0	1	0	0	0	0.0769230769230769	0	0	0	0.5	0	0.0344827586206897	0	0	0
exonic	CDC42EP1	CDC42EP1:NM_152243:exon3:c.A745G:p.T249A,	nonsynonymous SNV	Q00587	1.62	PASSENGER/OTHER	q13.1	chr22	37964396	37964396	A	G	14	7	7	9	2	3	27	6	11	3	1	0	1	0	1	0	2	0	0	0	0.0714285714285714	0	0.142857142857143	0	0.5	0	0.0740740740740741	0	0	0
exonic	MICALL1	MICALL1:NM_033386:exon9:c.G1860T:p.S620S,	synonymous SNV	Q8N3F8	NA	0	q13.1	chr22	38323812	38323812	G	T	89	95	110	153	75	21	122	65	123	57	0	35	0	79	0	11	0	35	0	27	0	0.368421052631579	0	0.516339869281046	0	0.523809523809524	0	0.538461538461538	0	0.473684210526316
exonic	PLXNB2	PLXNB2:NM_012401:exon20:c.C3300G:p.F1100L,	nonsynonymous SNV	O15031	3.55	PASSENGER/OTHER	q13.33	chr22	50720328	50720328	G	C	77	66	129	94	72	24	129	80	183	45	0	0	0	2	0	0	26	0	0	0	0	0	0	0.0212765957446809	0	0	0.201550387596899	0	0	0
exonic	SHROOM2	SHROOM2:NM_001649:exon4:c.G1515T:p.E505D,	nonsynonymous SNV	Q13796	1.34	PASSENGER/OTHER	p22.2	chrX	9863463	9863463	G	T	34	29	41	35	24	13	44	10	37	10	0	0	0	0	0	0	0	0	0	2	0	0	0	0	0	0	0	0	0	0.2
exonic	CXorf67	CXorf67:NM_203407:exon1:c.A324C:p.E108D,	nonsynonymous SNV	Q86X51	0.89	PASSENGER/OTHER	p11.22	chrX	51150192	51150192	A	C	37	24	34	29	36	6	30	27	42	14	0	1	0	0	0	0	7	0	0	0	0	0.0416666666666667	0	0	0	0	0.233333333333333	0	0	0
exonic	AMER1	AMER1:NM_152424:exon2:c.C1389G:p.S463S,	synonymous SNV	Q5JTC6	NA	0	q11.2	chrX	63411778	63411778	G	C	12	14	12	16	12	9	27	6	24	7	0	0	0	0	0	0	4	0	0	0	0	0	0	0	0	0	0.148148148148148	0	0	0
exonic	PHKA1	PHKA1:NM_001122670:exon25:c.C2705A:p.A902D,PHKA1:NM_002637:exon25:c.C2705A:p.A902D,PHKA1:NM_001172436:exon24:c.C2528A:p.A843D,	nonsynonymous SNV	P46020	0.73:0.28	PASSENGER/OTHER	q13.2	chrX	71825231	71825231	G	T	22	15	16	38	15	7	30	10	24	15	0	0	0	0	0	2	0	0	1	0	0	0	0	0	0	0.285714285714286	0	0	0.0416666666666667	0
exonic	CDX4	CDX4:NM_005193:exon1:c.C143T:p.P48L,	nonsynonymous SNV	O14627	-0.8	PASSENGER/OTHER	q13.2	chrX	72667232	72667232	C	T	50	40	50	46	41	13	61	15	56	51	0	9	0	10	0	1	0	2	0	18	0	0.225	0	0.217391304347826	0	0.0769230769230769	0	0.133333333333333	0	0.352941176470588
ncRNA_exonic	XIST	NA	none	noID	NA	0	noID	chrX	73066940	73066940	G	A	13	4	6	10	3	0	22	0	14	6	0	1	0	2	0	0	0	0	0	2	0	0.25	0	0.2	0	NA	0	NA	0	0.333333333333333
exonic	H2BFM	H2BFM:NM_001164416:exon1:c.C92T:p.T31M,	nonsynonymous SNV	P0C1H6	1.95	PASSENGER/OTHER	q22.2	chrX	103294635	103294635	C	T	34	33	35	51	27	4	37	15	20	17	0	8	0	13	0	3	0	5	0	3	0	0.242424242424242	0	0.254901960784314	0	0.75	0	0.333333333333333	0	0.176470588235294
exonic	LRCH2	LRCH2:NM_001243963:exon2:c.T384C:p.S128S,LRCH2:NM_020871:exon2:c.T384C:p.S128S,	synonymous SNV	Q5VUJ6	NA	0	q23	chrX	114422899	114422899	A	G	31	35	19	30	52	14	39	52	55	32	0	0	0	0	27	0	2	0	1	1	0	0	0	0	0.519230769230769	0	0.0512820512820513	0	0.0181818181818182	0.03125
exonic	SLC25A5	SLC25A5:NM_001152:exon2:c.T306G:p.G102G,	synonymous SNV	P05141	NA	0	q24	chrX	118603818	118603818	T	G	12	12	13	24	11	4	24	4	23	8	1	4	4	6	4	2	6	0	11	1	0.0833333333333333	0.333333333333333	0.307692307692308	0.25	0.363636363636364	0.5	0.25	0	0.478260869565217	0.125
exonic	SPANXN2	SPANXN2:NM_001009615:exon2:c.C182T:p.T61M,	nonsynonymous SNV	Q5MJ10	3.26	PASSENGER/OTHER	q27.3	chrX	142795496	142795496	G	A	22	28	21	35	23	8	54	18	29	28	0	0	0	0	0	0	35	0	0	0	0	0	0	0	0	0	0.648148148148148	0	0	0
